NQUEEN SOLUTIONS NODES BLOCKUSED QUEUEUSED MAXBLOCK MAXQUEUE L1 L2 TIME
12 14200 234433 12 3122 16 60000 4 6 70208.539062
12 14200 234433 29 1685 32 60000 4 6 68495.101562
12 14200 234433 61 1741 64 60000 4 6 51661.074219
12 14200 234433 128 1193 128 60000 4 6 62729.414062
12 14200 234433 256 2058 256 60000 4 6 43032.082031
12 14200 234433 511 1697 512 60000 4 6 40897.406250
12 14200 234433 1022 1685 1024 60000 4 6 37122.242188
12 14200 234433 2047 1002 2048 60000 4 6 33561.015625
12 14200 234433 4080 429 4096 60000 4 6 11051.693359
12 14200 234433 4080 396 8192 60000 4 6 11279.510742
