NQUEEN SOLUTIONS NODES BLOCKUSED QUEUEUSED MAXBLOCK MAXQUEUE L1 L2 TIME
10 724 10675 16 421 16 60000 4 6 2420.375732
10 724 10675 32 340 32 60000 4 6 2232.753174
10 724 10675 64 366 64 60000 4 6 1612.085938
10 724 10675 128 291 128 60000 4 6 1568.363525
10 724 10675 256 285 256 60000 4 6 1859.089966
10 724 10675 512 281 512 60000 4 6 2012.908691
10 724 10675 1024 146 1024 60000 4 6 718.983826
10 724 10675 1400 146 2048 60000 4 6 548.072144
10 724 10675 1400 144 4096 60000 4 6 541.770142
10 724 10675 1400 147 8192 60000 4 6 524.757385
