4 2 1 1 0 10000 10000 0 10 3.292448
4 2 1 4 0 10000 10000 1 10 1.963232
4 2 1 6 0 10000 10000 2 10 1.677088
4 2 1 6 0 10000 10000 3 10 1.693088
4 2 1 6 0 10000 10000 4 10 1.702624
5 10 1 1 0 10000 10000 0 10 10.015264
5 10 1 5 0 10000 10000 1 10 3.083456
5 10 1 12 0 10000 10000 2 10 2.815776
5 10 1 14 0 10000 10000 3 10 2.470432
5 10 1 14 0 10000 10000 4 10 2.416288
5 10 1 14 0 10000 10000 5 10 2.457152
6 4 1 1 0 10000 10000 0 10 28.469343
6 4 1 6 0 10000 10000 1 10 10.732640
6 4 1 20 0 10000 10000 2 10 6.088864
6 4 1 36 0 10000 10000 3 10 5.523328
6 4 1 40 0 10000 10000 4 10 5.180192
6 4 1 40 0 10000 10000 5 10 5.204832
6 4 1 40 0 10000 10000 6 10 5.232896
7 40 1 1 0 10000 10000 0 10 86.475807
7 40 1 7 0 10000 10000 1 10 26.157152
7 40 1 30 0 10000 10000 2 10 14.619904
7 40 1 76 0 10000 10000 3 10 12.083776
7 40 1 110 0 10000 10000 4 10 10.576064
7 40 1 112 0 10000 10000 5 10 10.445728
7 40 1 112 0 10000 10000 6 10 10.497280
7 40 1 112 0 10000 10000 7 10 10.547904
8 92 1 1 0 10000 10000 0 10 306.947815
8 92 1 8 0 10000 10000 1 10 71.488029
8 92 1 42 0 10000 10000 2 10 31.546112
8 92 1 140 0 10000 10000 3 10 29.175968
8 92 1 328 0 10000 10000 4 10 24.246656
8 92 1 414 0 10000 10000 5 10 22.552193
8 92 1 414 0 10000 10000 6 10 22.778048
8 92 1 416 0 10000 10000 7 10 27.091776
8 92 1 416 0 10000 10000 8 10 27.245567
9 352 1 1 0 10000 10000 0 10 1170.063721
9 352 1 9 0 10000 10000 1 10 268.619141
9 352 1 56 0 10000 10000 2 10 145.968445
9 352 1 234 0 10000 10000 3 10 100.648834
9 352 1 732 0 10000 10000 4 10 94.239555
9 352 1 1396 0 10000 10000 5 10 79.642014
9 352 1 1624 0 10000 10000 6 10 74.112900
9 352 1 1638 0 10000 10000 7 10 74.865341
9 352 1 1642 0 10000 10000 8 10 74.783745
9 352 1 1642 0 10000 10000 9 10 74.291939
10 724 1 1 0 10000 10000 0 10 4767.557617
10 724 1 10 0 10000 10000 1 10 1413.821655
10 724 1 72 0 10000 10000 2 10 585.010437
10 724 1 364 0 10000 10000 3 10 414.008301
10 724 1 1400 0 10000 10000 4 10 382.560150
10 724 1 3784 0 10000 10000 5 10 349.526001
10 724 1 6038 0 10000 10000 6 10 305.857758
10 724 1 6582 0 10000 10000 7 10 293.972473
10 724 1 6648 0 10000 10000 8 10 288.763000
10 724 1 6666 0 10000 10000 9 10 293.795105
10 724 1 6666 0 10000 10000 10 10 292.222076
11 2680 1 1 0 10000 10000 0 10 22194.876953
11 2680 1 11 0 10000 10000 1 10 6192.592285
11 2680 1 90 0 10000 10000 2 10 2227.273193
11 2680 1 536 0 10000 10000 3 10 1855.400513
11 2680 1 2468 0 10000 10000 4 10 1732.955566
11 2680 1 8440 0 10000 10000 5 10 1699.441772
11 2680 1 10000 0 10000 10000 6 10 3855.112305
11 2680 1 10000 0 10000 10000 7 10 5120.161133
11 2680 1 10000 0 10000 10000 8 10 5124.080078
11 2680 1 10000 0 10000 10000 9 10 5126.752930
11 2680 1 10000 0 10000 10000 10 10 5132.625977
11 2680 1 10000 0 10000 10000 11 10 5099.624512
12 14200 1 1 0 10000 10000 0 10 113368.031250
12 14200 1 12 0 10000 10000 1 10 28860.578125
12 14200 1 110 0 10000 10000 2 10 10995.421875
12 14200 1 756 0 10000 10000 3 10 9384.673828
12 14200 1 4080 0 10000 10000 4 10 8786.084961
12 14200 1 10000 0 10000 10000 5 10 18466.330078
12 14200 1 10000 0 10000 10000 6 10 24710.798828
12 14200 1 10000 0 10000 10000 7 10 24352.234375
12 14200 1 10000 0 10000 10000 8 10 24418.023438
12 14200 1 10000 0 10000 10000 9 10 24569.722656
12 14200 1 10000 0 10000 10000 10 10 24582.880859
12 14200 1 10000 0 10000 10000 11 10 24589.220703
12 14200 1 10000 0 10000 10000 12 10 24581.625000
13 73712 1 1 0 10000 10000 0 10 610846.562500
13 73712 1 13 0 10000 10000 1 10 146086.859375
13 73712 1 132 0 10000 10000 2 10 60008.859375
13 73712 1 1030 0 10000 10000 3 10 49052.101562
13 73712 1 6404 0 10000 10000 4 10 47321.480469
13 73712 1 10000 0 10000 10000 5 10 124800.757812
13 73712 1 10000 0 10000 10000 6 10 127498.179688
13 73712 1 10000 0 10000 10000 7 10 125165.218750
13 73712 1 10000 0 10000 10000 8 10 125313.164062
13 73712 1 10000 0 10000 10000 9 10 124952.960938
13 73712 1 10000 0 10000 10000 10 10 125774.531250
13 73712 1 10000 0 10000 10000 11 10 125080.484375
13 73712 1 10000 0 10000 10000 12 10 125300.804688
13 73712 1 10000 0 10000 10000 13 10 124912.320312
