NQUEEN SOLUTIONS NODES BLOCKUSED QUEUEUSED MAXBLOCK MAXQUEUE L1 L2 TIME
8 92 673 1 0 1000 1000 0 0 428.199158
8 92 673 1 0 1000 1000 0 0 380.480164
8 92 673 1 0 1000 1000 0 0 386.318695
8 92 673 1 0 1000 1000 0 0 400.341766
8 92 673 1 0 1000 1000 0 0 405.644775
8 92 673 1 7 1000 1000 0 1 395.940643
8 92 673 1 7 1000 1000 0 1 399.406616
8 92 673 1 7 1000 1000 0 1 404.001160
8 92 673 1 7 1000 1000 0 1 389.196960
8 92 673 1 7 1000 1000 0 1 426.121246
8 92 673 1 18 1000 1000 0 2 402.088074
8 92 673 1 18 1000 1000 0 2 394.649902
8 92 673 1 18 1000 1000 0 2 381.341125
8 92 673 1 18 1000 1000 0 2 429.389313
8 92 673 1 18 1000 1000 0 2 407.580994
8 92 673 1 41 1000 1000 0 3 455.263855
8 92 673 1 41 1000 1000 0 3 518.055786
8 92 673 1 41 1000 1000 0 3 430.745941
8 92 673 1 41 1000 1000 0 3 464.018860
8 92 673 1 41 1000 1000 0 3 432.335938
8 92 673 1 49 1000 1000 0 4 443.798950
8 92 673 1 49 1000 1000 0 4 402.024994
8 92 673 1 49 1000 1000 0 4 426.760956
8 92 673 1 49 1000 1000 0 4 400.740723
8 92 673 1 49 1000 1000 0 4 423.446716
8 92 673 1 50 1000 1000 0 5 402.125092
8 92 673 1 50 1000 1000 0 5 416.460114
8 92 673 1 50 1000 1000 0 5 407.343292
8 92 673 1 50 1000 1000 0 5 415.740173
8 92 673 1 50 1000 1000 0 5 401.056824
8 92 673 1 50 1000 1000 0 6 417.545990
8 92 673 1 50 1000 1000 0 6 386.194916
8 92 673 1 50 1000 1000 0 6 389.785126
8 92 673 1 50 1000 1000 0 6 385.444916
8 92 673 1 50 1000 1000 0 6 396.424072
8 92 673 1 50 1000 1000 0 7 415.318665
8 92 673 1 50 1000 1000 0 7 399.089233
8 92 673 1 50 1000 1000 0 7 403.077454
8 92 673 1 50 1000 1000 0 7 399.478821
8 92 673 1 50 1000 1000 0 7 397.773407
8 92 673 8 0 1000 1000 1 1 157.801025
8 92 673 8 0 1000 1000 1 1 147.565018
8 92 673 8 0 1000 1000 1 1 138.921982
8 92 673 8 0 1000 1000 1 1 148.333664
8 92 673 8 0 1000 1000 1 1 147.972839
8 92 673 8 17 1000 1000 1 2 148.970016
8 92 673 8 17 1000 1000 1 2 139.430695
8 92 673 8 17 1000 1000 1 2 154.822235
8 92 673 8 17 1000 1000 1 2 149.736160
8 92 673 8 17 1000 1000 1 2 174.342010
8 92 673 8 32 1000 1000 1 3 152.721085
8 92 673 8 30 1000 1000 1 3 157.984955
8 92 673 8 32 1000 1000 1 3 156.099808
8 92 673 8 32 1000 1000 1 3 177.114502
8 92 673 8 32 1000 1000 1 3 192.728928
8 92 673 8 34 1000 1000 1 4 212.104034
8 92 673 8 33 1000 1000 1 4 187.608261
8 92 673 8 37 1000 1000 1 4 164.830750
8 92 673 8 33 1000 1000 1 4 192.426651
8 92 673 8 34 1000 1000 1 4 151.754044
8 92 673 8 35 1000 1000 1 5 159.671814
8 92 673 8 35 1000 1000 1 5 158.631073
8 92 673 8 35 1000 1000 1 5 160.184036
8 92 673 8 33 1000 1000 1 5 155.643005
8 92 673 8 34 1000 1000 1 5 164.991974
8 92 673 8 33 1000 1000 1 6 196.242340
8 92 673 8 34 1000 1000 1 6 155.862503
8 92 673 8 37 1000 1000 1 6 135.905090
8 92 673 8 37 1000 1000 1 6 182.550369
8 92 673 8 37 1000 1000 1 6 167.783676
8 92 673 8 33 1000 1000 1 7 158.903931
8 92 673 8 33 1000 1000 1 7 139.767776
8 92 673 8 33 1000 1000 1 7 174.803009
8 92 673 8 35 1000 1000 1 7 162.621918
8 92 673 8 33 1000 1000 1 7 157.084671
8 92 673 42 0 1000 1000 2 2 76.067650
8 92 673 42 0 1000 1000 2 2 72.064636
8 92 673 42 0 1000 1000 2 2 74.408127
8 92 673 42 0 1000 1000 2 2 70.728195
8 92 673 42 0 1000 1000 2 2 69.040863
8 92 673 42 36 1000 1000 2 3 104.065887
8 92 673 42 36 1000 1000 2 3 72.114815
8 92 673 42 36 1000 1000 2 3 85.625183
8 92 673 42 36 1000 1000 2 3 95.366402
8 92 673 42 36 1000 1000 2 3 82.631714
8 92 673 42 42 1000 1000 2 4 79.546883
8 92 673 42 41 1000 1000 2 4 89.438881
8 92 673 42 42 1000 1000 2 4 78.486076
8 92 673 42 41 1000 1000 2 4 82.034882
8 92 673 42 41 1000 1000 2 4 82.063805
8 92 673 42 42 1000 1000 2 5 73.598495
8 92 673 42 41 1000 1000 2 5 68.404099
8 92 673 42 42 1000 1000 2 5 79.797699
8 92 673 42 42 1000 1000 2 5 71.860802
8 92 673 42 41 1000 1000 2 5 77.959328
8 92 673 42 42 1000 1000 2 6 77.120415
8 92 673 42 42 1000 1000 2 6 72.212509
8 92 673 42 42 1000 1000 2 6 77.854401
8 92 673 42 41 1000 1000 2 6 80.682564
8 92 673 42 41 1000 1000 2 6 74.564095
8 92 673 42 41 1000 1000 2 7 73.286179
8 92 673 42 41 1000 1000 2 7 76.844162
8 92 673 42 42 1000 1000 2 7 69.043777
8 92 673 42 42 1000 1000 2 7 83.476578
8 92 673 42 41 1000 1000 2 7 72.580002
8 92 673 140 0 1000 1000 3 3 49.229855
8 92 673 140 0 1000 1000 3 3 48.908577
8 92 673 140 0 1000 1000 3 3 48.861313
8 92 673 140 0 1000 1000 3 3 47.678818
8 92 673 140 0 1000 1000 3 3 51.912033
8 92 673 140 10 1000 1000 3 4 56.368256
8 92 673 140 10 1000 1000 3 4 57.990303
8 92 673 140 10 1000 1000 3 4 56.052479
8 92 673 140 10 1000 1000 3 4 58.296608
8 92 673 140 8 1000 1000 3 4 59.680641
8 92 673 140 10 1000 1000 3 5 54.026016
8 92 673 140 9 1000 1000 3 5 55.690334
8 92 673 140 12 1000 1000 3 5 56.200577
8 92 673 140 8 1000 1000 3 5 56.661121
8 92 673 140 9 1000 1000 3 5 52.946785
8 92 673 140 8 1000 1000 3 6 53.075294
8 92 673 140 10 1000 1000 3 6 56.360577
8 92 673 140 9 1000 1000 3 6 56.560703
8 92 673 140 8 1000 1000 3 6 56.015488
8 92 673 140 10 1000 1000 3 6 55.555038
8 92 673 140 9 1000 1000 3 7 52.896446
8 92 673 140 9 1000 1000 3 7 53.774849
8 92 673 140 9 1000 1000 3 7 51.271393
8 92 673 140 8 1000 1000 3 7 55.464096
8 92 673 140 9 1000 1000 3 7 51.685726
8 92 679 328 0 1000 1000 4 4 60.482594
8 92 679 328 0 1000 1000 4 4 57.685535
8 92 679 328 0 1000 1000 4 4 59.850624
8 92 679 328 0 1000 1000 4 4 59.244640
8 92 679 328 0 1000 1000 4 4 57.742432
8 92 679 328 1 1000 1000 4 5 54.425182
8 92 679 328 1 1000 1000 4 5 54.228832
8 92 679 328 1 1000 1000 4 5 54.507298
8 92 679 328 1 1000 1000 4 5 54.558208
8 92 679 328 1 1000 1000 4 5 56.230656
8 92 679 328 1 1000 1000 4 6 56.007553
8 92 679 328 1 1000 1000 4 6 53.031742
8 92 679 328 1 1000 1000 4 6 57.497986
8 92 679 328 1 1000 1000 4 6 55.054302
8 92 679 328 1 1000 1000 4 6 58.689026
8 92 679 328 1 1000 1000 4 7 56.368000
8 92 679 328 1 1000 1000 4 7 55.894817
8 92 679 328 1 1000 1000 4 7 56.396736
8 92 679 328 1 1000 1000 4 7 55.099457
8 92 679 328 1 1000 1000 4 7 54.836960
8 92 679 414 0 1000 1000 5 5 60.843967
8 92 679 414 0 1000 1000 5 5 64.744415
8 92 679 414 0 1000 1000 5 5 61.200481
8 92 679 414 0 1000 1000 5 5 61.245953
8 92 679 414 0 1000 1000 5 5 62.238079
8 92 679 414 0 1000 1000 5 6 60.970978
8 92 679 414 0 1000 1000 5 6 61.879776
8 92 679 414 0 1000 1000 5 6 60.867134
8 92 679 414 0 1000 1000 5 6 60.245953
8 92 679 414 0 1000 1000 5 6 59.513313
8 92 679 414 0 1000 1000 5 7 61.730625
8 92 679 414 0 1000 1000 5 7 59.943970
8 92 679 414 0 1000 1000 5 7 60.156673
8 92 679 414 0 1000 1000 5 7 60.509857
8 92 679 414 0 1000 1000 5 7 60.828671
8 92 681 414 0 1000 1000 6 6 61.650528
8 92 681 414 0 1000 1000 6 6 60.521248
8 92 681 414 0 1000 1000 6 6 60.805183
8 92 681 414 0 1000 1000 6 6 61.866432
8 92 681 414 0 1000 1000 6 6 60.760159
8 92 681 414 0 1000 1000 6 7 61.156574
8 92 681 414 0 1000 1000 6 7 61.553535
8 92 681 414 0 1000 1000 6 7 60.826912
8 92 681 414 0 1000 1000 6 7 62.196671
8 92 681 414 0 1000 1000 6 7 60.448479
8 92 681 416 0 1000 1000 7 7 61.659649
8 92 681 416 0 1000 1000 7 7 60.968319
8 92 681 416 0 1000 1000 7 7 60.396290
8 92 681 416 0 1000 1000 7 7 62.801346
8 92 681 416 0 1000 1000 7 7 63.110817
