NQUEEN SOLUTIONS NODES BLOCKUSED QUEUEUSED MAXBLOCK MAXQUEUE L1 L2 TIME
10 724 10675 1 9 60000 60000 0 1 6810.190430
10 724 10675 1 9 60000 60000 0 1 6828.694824
10 724 10675 1 9 60000 60000 0 1 6832.234375
10 724 10675 1 9 60000 60000 0 1 6753.908203
10 724 10675 1 9 60000 60000 0 1 6188.741699
10 724 10675 1 31 60000 60000 0 2 6576.284668
10 724 10675 1 31 60000 60000 0 2 6330.561523
10 724 10675 1 31 60000 60000 0 2 6136.183105
10 724 10675 1 31 60000 60000 0 2 6794.978516
10 724 10675 1 31 60000 60000 0 2 6710.493164
10 724 10675 1 117 60000 60000 0 3 6268.839355
10 724 10675 1 117 60000 60000 0 3 6627.258301
10 724 10675 1 117 60000 60000 0 3 6591.621094
10 724 10675 1 117 60000 60000 0 3 6385.423340
10 724 10675 1 117 60000 60000 0 3 6713.604980
10 724 10675 1 328 60000 60000 0 4 7376.101074
10 724 10675 1 328 60000 60000 0 4 7090.122559
10 724 10675 1 328 60000 60000 0 4 7415.445801
10 724 10675 1 328 60000 60000 0 4 6983.160645
10 724 10675 1 328 60000 60000 0 4 6817.941406
10 724 10675 1 466 60000 60000 0 5 7814.223145
10 724 10675 1 466 60000 60000 0 5 7731.327148
10 724 10675 1 466 60000 60000 0 5 7224.636230
10 724 10675 1 466 60000 60000 0 5 7723.887695
10 724 10675 1 466 60000 60000 0 5 7216.413086
10 724 10675 1 480 60000 60000 0 6 7287.173828
10 724 10675 1 480 60000 60000 0 6 7025.359863
10 724 10675 1 480 60000 60000 0 6 7505.423828
10 724 10675 1 480 60000 60000 0 6 6649.603516
10 724 10675 1 480 60000 60000 0 6 7248.107910
10 724 10675 1 481 60000 60000 0 7 6932.893066
10 724 10675 1 481 60000 60000 0 7 6600.439453
10 724 10675 1 481 60000 60000 0 7 7241.582520
10 724 10675 1 481 60000 60000 0 7 6997.035645
10 724 10675 1 481 60000 60000 0 7 7373.850586
10 724 10675 1 481 60000 60000 0 8 7414.593750
10 724 10675 1 481 60000 60000 0 8 7947.895508
10 724 10675 1 481 60000 60000 0 8 7381.737305
10 724 10675 1 481 60000 60000 0 8 6396.634277
10 724 10675 1 481 60000 60000 0 8 7135.703125
10 724 10675 1 481 60000 60000 0 9 7036.327148
10 724 10675 1 481 60000 60000 0 9 7314.167969
10 724 10675 1 481 60000 60000 0 9 7564.424805
10 724 10675 1 481 60000 60000 0 9 7401.315918
10 724 10675 1 481 60000 60000 0 9 6768.320312
10 724 10675 10 25 60000 60000 1 2 2773.873047
10 724 10675 10 25 60000 60000 1 2 2612.877930
10 724 10675 10 25 60000 60000 1 2 2076.432129
10 724 10675 10 25 60000 60000 1 2 2764.222168
10 724 10675 10 25 60000 60000 1 2 2208.647705
10 724 10675 10 56 60000 60000 1 3 2392.768311
10 724 10675 10 52 60000 60000 1 3 2481.533691
10 724 10675 10 51 60000 60000 1 3 2825.992188
10 724 10675 10 57 60000 60000 1 3 2327.006348
10 724 10675 10 52 60000 60000 1 3 2226.808838
10 724 10675 10 107 60000 60000 1 4 2609.200439
10 724 10675 10 115 60000 60000 1 4 2979.888672
10 724 10675 10 119 60000 60000 1 4 3031.735107
10 724 10675 10 117 60000 60000 1 4 2532.258545
10 724 10675 10 116 60000 60000 1 4 2783.194092
10 724 10675 10 189 60000 60000 1 5 2611.132324
10 724 10675 10 182 60000 60000 1 5 2838.571289
10 724 10675 10 188 60000 60000 1 5 2636.846436
10 724 10675 10 192 60000 60000 1 5 3672.458740
10 724 10675 10 194 60000 60000 1 5 2999.836914
10 724 10675 10 193 60000 60000 1 6 3034.681641
10 724 10675 10 178 60000 60000 1 6 2639.834473
10 724 10675 10 201 60000 60000 1 6 2621.081299
10 724 10675 10 181 60000 60000 1 6 2469.392334
10 724 10675 10 180 60000 60000 1 6 2465.217529
10 724 10675 10 184 60000 60000 1 7 2610.410400
10 724 10675 10 184 60000 60000 1 7 3223.097412
10 724 10675 10 197 60000 60000 1 7 2765.012451
10 724 10675 10 201 60000 60000 1 7 2699.219238
10 724 10675 10 206 60000 60000 1 7 2790.390869
10 724 10675 10 191 60000 60000 1 8 2172.326904
10 724 10675 10 199 60000 60000 1 8 3081.746094
10 724 10675 10 178 60000 60000 1 8 2465.003174
10 724 10675 10 192 60000 60000 1 8 3478.859375
10 724 10675 10 206 60000 60000 1 8 2135.081299
10 724 10675 10 193 60000 60000 1 9 3481.787109
10 724 10675 10 200 60000 60000 1 9 2303.401855
10 724 10675 10 184 60000 60000 1 9 2564.701416
10 724 10675 10 199 60000 60000 1 9 2966.073242
10 724 10675 10 186 60000 60000 1 9 2740.846680
10 724 10675 72 69 60000 60000 2 3 1200.854004
10 724 10675 72 69 60000 60000 2 3 1186.705078
10 724 10675 72 69 60000 60000 2 3 1274.894409
10 724 10675 72 69 60000 60000 2 3 1042.936279
10 724 10675 72 69 60000 60000 2 3 1159.970459
10 724 10675 72 125 60000 60000 2 4 1315.236206
10 724 10675 72 127 60000 60000 2 4 1120.834961
10 724 10675 72 130 60000 60000 2 4 1367.540161
10 724 10675 72 122 60000 60000 2 4 1285.131226
10 724 10675 72 128 60000 60000 2 4 1192.955566
10 724 10675 72 135 60000 60000 2 5 1306.773315
10 724 10675 72 129 60000 60000 2 5 1252.568237
10 724 10675 72 134 60000 60000 2 5 1221.699341
10 724 10675 72 138 60000 60000 2 5 1497.808960
10 724 10675 72 131 60000 60000 2 5 1422.582520
10 724 10675 72 130 60000 60000 2 6 1183.390503
10 724 10675 72 130 60000 60000 2 6 1259.000977
10 724 10675 72 133 60000 60000 2 6 1191.265015
10 724 10675 72 128 60000 60000 2 6 1279.137207
10 724 10675 72 130 60000 60000 2 6 1207.538940
10 724 10675 72 127 60000 60000 2 7 1329.679810
10 724 10675 72 136 60000 60000 2 7 1199.078369
10 724 10675 72 133 60000 60000 2 7 1002.050232
10 724 10675 72 132 60000 60000 2 7 1138.549316
10 724 10675 72 130 60000 60000 2 7 1271.795288
10 724 10675 72 127 60000 60000 2 8 1027.892944
10 724 10675 72 132 60000 60000 2 8 1159.118896
10 724 10675 72 132 60000 60000 2 8 1333.859741
10 724 10675 72 135 60000 60000 2 8 1352.107910
10 724 10675 72 131 60000 60000 2 8 1241.476807
10 724 10675 72 133 60000 60000 2 9 1296.949463
10 724 10675 72 132 60000 60000 2 9 1173.606445
10 724 10675 72 134 60000 60000 2 9 1115.954712
10 724 10675 72 128 60000 60000 2 9 1243.878906
10 724 10675 72 133 60000 60000 2 9 1169.079712
10 724 10675 364 113 60000 60000 3 4 723.379272
10 724 10675 364 125 60000 60000 3 4 699.558594
10 724 10675 364 114 60000 60000 3 4 697.991760
10 724 10675 364 117 60000 60000 3 4 743.047241
10 724 10675 364 124 60000 60000 3 4 718.277832
10 724 10675 364 155 60000 60000 3 5 747.612976
10 724 10675 364 172 60000 60000 3 5 708.612000
10 724 10675 364 143 60000 60000 3 5 716.995728
10 724 10675 364 154 60000 60000 3 5 776.129272
10 724 10675 364 151 60000 60000 3 5 752.543152
10 724 10675 364 140 60000 60000 3 6 688.421997
10 724 10675 364 179 60000 60000 3 6 736.700806
10 724 10675 364 145 60000 60000 3 6 700.990417
10 724 10675 364 196 60000 60000 3 6 740.603394
10 724 10675 364 168 60000 60000 3 6 708.026917
10 724 10675 364 144 60000 60000 3 7 710.515564
10 724 10675 364 175 60000 60000 3 7 724.559814
10 724 10675 364 159 60000 60000 3 7 702.018738
10 724 10675 364 164 60000 60000 3 7 675.505859
10 724 10675 364 162 60000 60000 3 7 735.202576
10 724 10675 364 149 60000 60000 3 8 693.914612
10 724 10675 364 136 60000 60000 3 8 624.763672
10 724 10675 364 156 60000 60000 3 8 667.842773
10 724 10675 364 155 60000 60000 3 8 677.789978
10 724 10675 364 135 60000 60000 3 8 684.407349
10 724 10675 364 155 60000 60000 3 9 667.884521
10 724 10675 364 168 60000 60000 3 9 650.311523
10 724 10675 364 171 60000 60000 3 9 725.778259
10 724 10675 364 174 60000 60000 3 9 652.176819
10 724 10675 364 154 60000 60000 3 9 687.184204
10 724 10675 1400 38 60000 60000 4 5 600.605835
10 724 10675 1400 41 60000 60000 4 5 569.833679
10 724 10675 1400 33 60000 60000 4 5 595.434448
10 724 10675 1400 34 60000 60000 4 5 575.364075
10 724 10675 1400 32 60000 60000 4 5 592.705566
10 724 10675 1400 36 60000 60000 4 6 552.292114
10 724 10675 1400 38 60000 60000 4 6 548.806091
10 724 10675 1400 39 60000 60000 4 6 537.538086
10 724 10675 1400 45 60000 60000 4 6 546.037231
10 724 10675 1400 41 60000 60000 4 6 535.931641
10 724 10675 1400 35 60000 60000 4 7 531.238770
10 724 10675 1400 41 60000 60000 4 7 550.473816
10 724 10675 1400 43 60000 60000 4 7 531.689453
10 724 10675 1400 39 60000 60000 4 7 545.036438
10 724 10675 1400 44 60000 60000 4 7 527.297241
10 724 10675 1400 37 60000 60000 4 8 539.992493
10 724 10675 1400 36 60000 60000 4 8 540.456482
10 724 10675 1400 44 60000 60000 4 8 515.102539
10 724 10675 1400 40 60000 60000 4 8 565.237305
10 724 10675 1400 40 60000 60000 4 8 542.651306
10 724 10675 1400 42 60000 60000 4 9 522.044678
10 724 10675 1400 39 60000 60000 4 9 526.066650
10 724 10675 1400 45 60000 60000 4 9 550.767395
10 724 10675 1400 42 60000 60000 4 9 526.662537
10 724 10675 1400 41 60000 60000 4 9 522.146484
10 724 10721 3784 6 60000 60000 5 6 584.610046
10 724 10721 3784 6 60000 60000 5 6 595.636902
10 724 10721 3784 5 60000 60000 5 6 583.121155
10 724 10721 3784 6 60000 60000 5 6 588.662048
10 724 10721 3784 7 60000 60000 5 6 580.029846
10 724 10721 3784 6 60000 60000 5 7 591.631531
10 724 10721 3784 5 60000 60000 5 7 573.549011
10 724 10721 3784 6 60000 60000 5 7 570.933228
10 724 10721 3784 6 60000 60000 5 7 587.994995
10 724 10721 3784 5 60000 60000 5 7 579.224121
10 724 10721 3784 6 60000 60000 5 8 564.534180
10 724 10721 3784 6 60000 60000 5 8 588.722107
10 724 10721 3784 6 60000 60000 5 8 589.860168
10 724 10721 3784 7 60000 60000 5 8 573.564880
10 724 10721 3784 6 60000 60000 5 8 571.667908
10 724 10721 3784 8 60000 60000 5 9 579.813782
10 724 10721 3784 7 60000 60000 5 9 577.648804
10 724 10721 3784 6 60000 60000 5 9 569.856445
10 724 10721 3784 7 60000 60000 5 9 577.077515
10 724 10721 3784 7 60000 60000 5 9 584.231689
10 724 10843 6038 3 60000 60000 6 7 725.276489
10 724 10843 6038 3 60000 60000 6 7 717.924194
10 724 10843 6038 3 60000 60000 6 7 716.605957
10 724 10843 6038 3 60000 60000 6 7 718.675049
10 724 10843 6038 2 60000 60000 6 7 723.102295
10 724 10843 6038 4 60000 60000 6 8 737.257141
10 724 10843 6038 3 60000 60000 6 8 718.881653
10 724 10843 6038 3 60000 60000 6 8 729.942932
10 724 10843 6038 2 60000 60000 6 8 725.997925
10 724 10843 6038 2 60000 60000 6 8 717.609558
10 724 10843 6038 3 60000 60000 6 9 714.447205
10 724 10843 6038 2 60000 60000 6 9 722.110535
10 724 10843 6038 2 60000 60000 6 9 717.273254
10 724 10843 6038 2 60000 60000 6 9 720.833862
10 724 10843 6038 3 60000 60000 6 9 718.348267
10 724 10883 6582 1 60000 60000 7 8 752.509460
10 724 10883 6582 1 60000 60000 7 8 760.427368
10 724 10883 6582 1 60000 60000 7 8 754.446472
10 724 10883 6582 1 60000 60000 7 8 761.331543
10 724 10883 6582 1 60000 60000 7 8 774.028381
10 724 10883 6582 1 60000 60000 7 9 777.164795
10 724 10883 6582 1 60000 60000 7 9 760.885010
10 724 10883 6582 1 60000 60000 7 9 746.773499
10 724 10883 6582 1 60000 60000 7 9 751.640747
10 724 10883 6582 1 60000 60000 7 9 760.553894
10 724 10895 6648 0 60000 60000 8 9 785.695496
10 724 10895 6648 0 60000 60000 8 9 752.886475
10 724 10895 6648 0 60000 60000 8 9 784.792542
10 724 10895 6648 0 60000 60000 8 9 765.508362
10 724 10895 6648 0 60000 60000 8 9 768.376953
