12 14200 234433 1 0 60000 0 0 0 89246.085938
12 14200 234433 1 0 60000 0 0 0 89171.390625
12 14200 234433 1 0 60000 0 0 0 89160.742188
12 14200 234433 1 0 60000 0 0 0 89172.859375
12 14200 234433 1 0 60000 0 0 0 89164.718750
12 14200 234433 12 0 60000 0 1 0 22832.917969
12 14200 234433 12 0 60000 0 1 0 22831.865234
12 14200 234433 12 0 60000 0 1 0 22832.851562
12 14200 234433 12 0 60000 0 1 0 22840.462891
12 14200 234433 12 0 60000 0 1 0 22836.363281
12 14200 234433 110 0 60000 0 2 0 8717.923828
12 14200 234433 110 0 60000 0 2 0 8717.956055
12 14200 234433 110 0 60000 0 2 0 8717.841797
12 14200 234433 110 0 60000 0 2 0 8419.138672
12 14200 234433 110 0 60000 0 2 0 8719.248047
12 14200 234433 756 0 60000 0 3 0 7207.317383
12 14200 234433 756 0 60000 0 3 0 7327.121582
12 14200 234433 756 0 60000 0 3 0 7333.196777
12 14200 234433 756 0 60000 0 3 0 7268.341309
12 14200 234433 756 0 60000 0 3 0 7281.855469
12 14200 234433 4080 0 60000 0 4 0 7104.316406
12 14200 234433 4080 0 60000 0 4 0 7075.455566
12 14200 234433 4080 0 60000 0 4 0 7091.587891
12 14200 234433 4080 0 60000 0 4 0 7069.944336
12 14200 234433 4080 0 60000 0 4 0 7059.249512
12 14200 234433 16852 0 60000 0 5 0 7407.100586
12 14200 234433 16852 0 60000 0 5 0 7410.147461
12 14200 234433 16852 0 60000 0 5 0 7399.671387
12 14200 234433 16852 0 60000 0 5 0 7402.555176
12 14200 234433 16852 0 60000 0 5 0 7400.120117
12 14200 234433 52114 0 60000 0 6 0 7958.030762
12 14200 234433 52114 0 60000 0 6 0 7950.419434
12 14200 234433 52114 0 60000 0 6 0 7957.271973
12 14200 234433 52114 0 60000 0 6 0 7954.334473
12 14200 234433 52114 0 60000 0 6 0 7966.276855
12 14200 234433 60000 0 60000 0 7 0 21237.835938
12 14200 234433 60000 0 60000 0 7 0 21231.345703
12 14200 234433 60000 0 60000 0 7 0 14872.758789
12 14200 234433 60000 0 60000 0 7 0 14422.852539
12 14200 234433 60000 0 60000 0 7 0 14755.158203
12 14200 234433 60000 0 60000 0 8 0 20075.898438
12 14200 234433 60000 0 60000 0 8 0 20133.166016
12 14200 234433 60000 0 60000 0 8 0 14596.380859
12 14200 234433 60000 0 60000 0 8 0 20259.269531
12 14200 234433 60000 0 60000 0 8 0 14494.767578
12 14200 234433 60000 0 60000 0 9 0 19917.824219
12 14200 234433 60000 0 60000 0 9 0 13964.376953
12 14200 234433 60000 0 60000 0 9 0 20189.224609
12 14200 234433 60000 0 60000 0 9 0 20144.904297
12 14200 234433 60000 0 60000 0 9 0 20063.212891
12 14200 234433 60000 0 60000 0 10 0 20041.976562
12 14200 234433 60000 0 60000 0 10 0 14485.525391
12 14200 234433 60000 0 60000 0 10 0 20110.023438
12 14200 234433 60000 0 60000 0 10 0 14293.089844
12 14200 234433 60000 0 60000 0 10 0 19843.986328
12 14200 234433 60000 0 60000 0 11 0 20265.214844
12 14200 234433 60000 0 60000 0 11 0 14174.619141
12 14200 234433 60000 0 60000 0 11 0 20337.458984
12 14200 234433 60000 0 60000 0 11 0 20025.101562
12 14200 234433 60000 0 60000 0 11 0 20486.892578
