10 724 10675 1 0 60000 0 0 0 3782.045410
10 724 10675 1 0 60000 0 0 0 3754.728516
10 724 10675 1 0 60000 0 0 0 3755.494385
10 724 10675 1 0 60000 0 0 0 3758.119141
10 724 10675 1 0 60000 0 0 0 3757.268311
10 724 10675 10 0 60000 0 1 0 1116.809082
10 724 10675 10 0 60000 0 1 0 1116.727417
10 724 10675 10 0 60000 0 1 0 1116.848511
10 724 10675 10 0 60000 0 1 0 1117.082397
10 724 10675 10 0 60000 0 1 0 1117.211182
10 724 10675 72 0 60000 0 2 0 458.193115
10 724 10675 72 0 60000 0 2 0 458.312012
10 724 10675 72 0 60000 0 2 0 458.055115
10 724 10675 72 0 60000 0 2 0 458.121277
10 724 10675 72 0 60000 0 2 0 458.192841
10 724 10675 364 0 60000 0 3 0 331.611237
10 724 10675 364 0 60000 0 3 0 341.174042
10 724 10675 364 0 60000 0 3 0 340.052704
10 724 10675 364 0 60000 0 3 0 331.525970
10 724 10675 364 0 60000 0 3 0 338.698303
10 724 10675 1400 0 60000 0 4 0 350.421387
10 724 10675 1400 0 60000 0 4 0 343.335876
10 724 10675 1400 0 60000 0 4 0 345.193542
10 724 10675 1400 0 60000 0 4 0 344.716980
10 724 10675 1400 0 60000 0 4 0 343.122955
10 724 10675 3784 0 60000 0 5 0 347.851562
10 724 10675 3784 0 60000 0 5 0 347.525787
10 724 10675 3784 0 60000 0 5 0 348.403778
10 724 10675 3784 0 60000 0 5 0 348.310028
10 724 10675 3784 0 60000 0 5 0 350.647430
10 724 10675 5972 0 60000 0 6 0 311.882141
10 724 10675 5972 0 60000 0 6 0 308.344910
10 724 10675 5972 0 60000 0 6 0 308.011871
10 724 10675 5972 0 60000 0 6 0 305.395142
10 724 10675 5972 0 60000 0 6 0 309.731110
10 724 10675 6384 0 60000 0 7 0 298.184082
10 724 10675 6384 0 60000 0 7 0 297.437317
10 724 10675 6384 0 60000 0 7 0 295.772156
10 724 10675 6384 0 60000 0 7 0 300.677429
10 724 10675 6384 0 60000 0 7 0 295.097992
10 724 10675 6412 0 60000 0 8 0 297.056763
10 724 10675 6412 0 60000 0 8 0 295.809601
10 724 10675 6412 0 60000 0 8 0 297.185547
10 724 10675 6412 0 60000 0 8 0 296.816071
10 724 10675 6412 0 60000 0 8 0 298.369446
10 724 10675 6412 0 60000 0 9 0 294.987213
10 724 10675 6412 0 60000 0 9 0 294.957123
10 724 10675 6412 0 60000 0 9 0 296.279297
10 724 10675 6412 0 60000 0 9 0 296.763947
10 724 10675 6412 0 60000 0 9 0 300.491913
