4 2 9 1 0 60000 0 0 0 2.954944
4 2 9 1 0 60000 0 0 0 2.956576
4 2 9 1 0 60000 0 0 0 2.949664
4 2 9 1 0 60000 0 0 0 2.953280
4 2 9 1 0 60000 0 0 0 2.951296
4 2 9 4 0 60000 0 1 0 2.142752
4 2 9 4 0 60000 0 1 0 2.140544
4 2 9 4 0 60000 0 1 0 2.162848
4 2 9 4 0 60000 0 1 0 2.126400
4 2 9 4 0 60000 0 1 0 2.138592
4 2 9 6 0 60000 0 2 0 1.675424
4 2 9 6 0 60000 0 2 0 1.709088
4 2 9 6 0 60000 0 2 0 1.688096
4 2 9 6 0 60000 0 2 0 1.686112
4 2 9 6 0 60000 0 2 0 1.684800
4 2 9 6 0 60000 0 3 0 1.689088
4 2 9 6 0 60000 0 3 0 1.678240
4 2 9 6 0 60000 0 3 0 1.677856
4 2 9 6 0 60000 0 3 0 1.698016
4 2 9 6 0 60000 0 3 0 1.688736
