6 4 67 1 0 60000 0 0 0 22.507328
6 4 67 1 0 60000 0 0 0 22.500160
6 4 67 1 0 60000 0 0 0 22.472256
6 4 67 1 0 60000 0 0 0 22.503649
6 4 67 1 0 60000 0 0 0 22.516479
6 4 67 6 0 60000 0 1 0 9.385728
6 4 67 6 0 60000 0 1 0 9.374688
6 4 67 6 0 60000 0 1 0 9.364928
6 4 67 6 0 60000 0 1 0 9.382592
6 4 67 6 0 60000 0 1 0 9.374016
6 4 67 20 0 60000 0 2 0 6.131360
6 4 67 20 0 60000 0 2 0 6.097280
6 4 67 20 0 60000 0 2 0 6.093728
6 4 67 20 0 60000 0 2 0 6.137440
6 4 67 20 0 60000 0 2 0 6.090080
6 4 67 36 0 60000 0 3 0 5.627072
6 4 67 36 0 60000 0 3 0 5.589600
6 4 67 36 0 60000 0 3 0 5.579104
6 4 67 36 0 60000 0 3 0 5.619456
6 4 67 36 0 60000 0 3 0 5.586912
6 4 67 40 0 60000 0 4 0 5.082912
6 4 67 40 0 60000 0 4 0 5.156128
6 4 67 40 0 60000 0 4 0 5.252544
6 4 67 40 0 60000 0 4 0 5.178048
6 4 67 40 0 60000 0 4 0 5.196832
6 4 67 40 0 60000 0 5 0 5.140544
6 4 67 40 0 60000 0 5 0 5.127200
6 4 67 40 0 60000 0 5 0 5.206912
6 4 67 40 0 60000 0 5 0 5.212896
6 4 67 40 0 60000 0 5 0 5.139744
