8 92 673 1 0 60000 0 0 0 234.389282
8 92 673 1 0 60000 0 0 0 221.137177
8 92 673 1 0 60000 0 0 0 221.055298
8 92 673 1 0 60000 0 0 0 221.056320
8 92 673 1 0 60000 0 0 0 221.089310
8 92 673 8 0 60000 0 1 0 57.159870
8 92 673 8 0 60000 0 1 0 57.142368
8 92 673 8 0 60000 0 1 0 57.222782
8 92 673 8 0 60000 0 1 0 57.169983
8 92 673 8 0 60000 0 1 0 57.199745
8 92 673 42 0 60000 0 2 0 26.893440
8 92 673 42 0 60000 0 2 0 26.867008
8 92 673 42 0 60000 0 2 0 26.838911
8 92 673 42 0 60000 0 2 0 26.848032
8 92 673 42 0 60000 0 2 0 26.881216
8 92 673 140 0 60000 0 3 0 35.358528
8 92 673 140 0 60000 0 3 0 33.765182
8 92 673 140 0 60000 0 3 0 33.753601
8 92 673 140 0 60000 0 3 0 34.214462
8 92 673 140 0 60000 0 3 0 34.686401
8 92 673 328 0 60000 0 4 0 30.149952
8 92 673 328 0 60000 0 4 0 30.006592
8 92 673 328 0 60000 0 4 0 30.308672
8 92 673 328 0 60000 0 4 0 29.823809
8 92 673 328 0 60000 0 4 0 30.110144
8 92 673 408 0 60000 0 5 0 27.146080
8 92 673 408 0 60000 0 5 0 26.788033
8 92 673 408 0 60000 0 5 0 27.135679
8 92 673 408 0 60000 0 5 0 26.702751
8 92 673 408 0 60000 0 5 0 26.679008
8 92 673 408 0 60000 0 6 0 27.112831
8 92 673 408 0 60000 0 6 0 26.970432
8 92 673 408 0 60000 0 6 0 26.747969
8 92 673 408 0 60000 0 6 0 26.734304
8 92 673 408 0 60000 0 6 0 26.787617
8 92 673 408 0 60000 0 7 0 26.932961
8 92 673 408 0 60000 0 7 0 26.830944
8 92 673 408 0 60000 0 7 0 26.781536
8 92 673 408 0 60000 0 7 0 26.961599
8 92 673 408 0 60000 0 7 0 27.166016
