NQUEEN SOLUTIONS NODES BLOCKUSED QUEUEUSED MAXBLOCK MAXQUEUE L1 L2 TIME
10 724 10675 1 9 5000 1500 0 1 6315.043457
10 724 10675 1 9 5000 1500 0 1 6526.740234
10 724 10675 1 9 5000 1500 0 1 6838.313965
10 724 10675 1 9 5000 1500 0 1 6422.887207
10 724 10675 1 9 5000 1500 0 1 6721.565430
10 724 10675 1 31 5000 1500 0 2 6439.397949
10 724 10675 1 31 5000 1500 0 2 6670.760254
10 724 10675 1 31 5000 1500 0 2 6256.453613
10 724 10675 1 31 5000 1500 0 2 6436.615723
10 724 10675 1 31 5000 1500 0 2 6395.641113
10 724 10675 1 117 5000 1500 0 3 6627.797363
10 724 10675 1 117 5000 1500 0 3 6188.644043
10 724 10675 1 117 5000 1500 0 3 6152.888672
10 724 10675 1 117 5000 1500 0 3 6598.185059
10 724 10675 1 117 5000 1500 0 3 6303.677734
10 724 10675 1 349 5000 1500 0 4 6680.823242
10 724 10675 1 349 5000 1500 0 4 6939.704590
10 724 10675 1 349 5000 1500 0 4 6379.062012
10 724 10675 1 349 5000 1500 0 4 6706.740723
10 724 10675 1 349 5000 1500 0 4 6585.388672
10 724 10675 1 745 5000 1500 0 5 7281.820801
10 724 10675 1 745 5000 1500 0 5 7023.376953
10 724 10675 1 745 5000 1500 0 5 7509.683105
10 724 10675 1 745 5000 1500 0 5 7012.289551
10 724 10675 1 745 5000 1500 0 5 6949.966797
10 724 10675 1 1051 5000 1500 0 6 7522.891602
10 724 10675 1 1051 5000 1500 0 6 7596.215332
10 724 10675 1 1051 5000 1500 0 6 8178.222656
10 724 10675 1 1051 5000 1500 0 6 8086.014160
10 724 10675 1 1051 5000 1500 0 6 7733.799316
10 724 10675 1 1112 5000 1500 0 7 8273.643555
10 724 10675 1 1112 5000 1500 0 7 7349.564453
10 724 10675 1 1112 5000 1500 0 7 7766.041016
10 724 10675 1 1112 5000 1500 0 7 7768.049316
10 724 10675 1 1112 5000 1500 0 7 7753.766113
10 724 10675 1 1114 5000 1500 0 8 7834.638184
10 724 10675 1 1114 5000 1500 0 8 7348.092773
10 724 10675 1 1114 5000 1500 0 8 8145.556641
10 724 10675 1 1114 5000 1500 0 8 7535.740723
10 724 10675 1 1114 5000 1500 0 8 7458.665527
10 724 10675 1 1115 5000 1500 0 9 7491.085449
10 724 10675 1 1115 5000 1500 0 9 7597.579590
10 724 10675 1 1115 5000 1500 0 9 7559.819336
10 724 10675 1 1115 5000 1500 0 9 7613.633301
10 724 10675 1 1115 5000 1500 0 9 7799.377441
10 724 10675 10 32 5000 1500 1 2 2328.517578
10 724 10675 10 32 5000 1500 1 2 2886.651367
10 724 10675 10 32 5000 1500 1 2 2119.484863
10 724 10675 10 32 5000 1500 1 2 2228.151367
10 724 10675 10 32 5000 1500 1 2 2830.333008
10 724 10675 10 59 5000 1500 1 3 2348.874023
10 724 10675 10 59 5000 1500 1 3 2787.251709
10 724 10675 10 59 5000 1500 1 3 2235.345459
10 724 10675 10 59 5000 1500 1 3 2115.458008
10 724 10675 10 59 5000 1500 1 3 2138.700684
10 724 10675 10 125 5000 1500 1 4 2247.683594
10 724 10675 10 136 5000 1500 1 4 2546.229980
10 724 10675 10 134 5000 1500 1 4 2617.250977
10 724 10675 10 141 5000 1500 1 4 2856.821777
10 724 10675 10 133 5000 1500 1 4 2270.176025
10 724 10675 10 338 5000 1500 1 5 2710.595215
10 724 10675 10 337 5000 1500 1 5 2414.957275
10 724 10675 10 342 5000 1500 1 5 2162.956055
10 724 10675 10 360 5000 1500 1 5 3019.904785
10 724 10675 10 337 5000 1500 1 5 2311.604980
10 724 10675 10 516 5000 1500 1 6 2538.262451
10 724 10675 10 507 5000 1500 1 6 2128.280762
10 724 10675 10 498 5000 1500 1 6 2571.805908
10 724 10675 10 483 5000 1500 1 6 2891.192871
10 724 10675 10 501 5000 1500 1 6 2504.824463
10 724 10675 10 553 5000 1500 1 7 2657.736816
10 724 10675 10 496 5000 1500 1 7 2273.699219
10 724 10675 10 518 5000 1500 1 7 2885.331055
10 724 10675 10 502 5000 1500 1 7 3084.520752
10 724 10675 10 488 5000 1500 1 7 2302.116455
10 724 10675 10 537 5000 1500 1 8 2047.402954
10 724 10675 10 505 5000 1500 1 8 2576.927490
10 724 10675 10 496 5000 1500 1 8 2498.515137
10 724 10675 10 511 5000 1500 1 8 2599.413086
10 724 10675 10 518 5000 1500 1 8 2295.854004
10 724 10675 10 545 5000 1500 1 9 2438.570801
10 724 10675 10 549 5000 1500 1 9 2345.914062
10 724 10675 10 483 5000 1500 1 9 2728.088379
10 724 10675 10 518 5000 1500 1 9 2608.342041
10 724 10675 10 514 5000 1500 1 9 2663.609131
10 724 10675 72 87 5000 1500 2 3 1141.717407
10 724 10675 72 87 5000 1500 2 3 1130.482422
10 724 10675 72 87 5000 1500 2 3 1155.663208
10 724 10675 72 87 5000 1500 2 3 1229.444336
10 724 10675 72 87 5000 1500 2 3 1103.332397
10 724 10675 72 154 5000 1500 2 4 1171.902588
10 724 10675 72 155 5000 1500 2 4 1071.406982
10 724 10675 72 157 5000 1500 2 4 1199.476440
10 724 10675 72 154 5000 1500 2 4 1232.379272
10 724 10675 72 156 5000 1500 2 4 1285.244873
10 724 10675 72 231 5000 1500 2 5 964.127747
10 724 10675 72 234 5000 1500 2 5 1202.768921
10 724 10675 72 241 5000 1500 2 5 1226.958008
10 724 10675 72 228 5000 1500 2 5 1185.770386
10 724 10675 72 234 5000 1500 2 5 990.104736
10 724 10675 72 290 5000 1500 2 6 1133.396851
10 724 10675 72 297 5000 1500 2 6 1171.704956
10 724 10675 72 285 5000 1500 2 6 1202.833374
10 724 10675 72 284 5000 1500 2 6 909.208923
10 724 10675 72 313 5000 1500 2 6 1069.544067
10 724 10675 72 327 5000 1500 2 7 1119.918213
10 724 10675 72 299 5000 1500 2 7 1118.841675
10 724 10675 72 295 5000 1500 2 7 1118.645752
10 724 10675 72 323 5000 1500 2 7 1151.154541
10 724 10675 72 307 5000 1500 2 7 1065.040405
10 724 10675 72 297 5000 1500 2 8 1037.908691
10 724 10675 72 382 5000 1500 2 8 1140.708984
10 724 10675 72 308 5000 1500 2 8 1067.146118
10 724 10675 72 293 5000 1500 2 8 1061.899536
10 724 10675 72 281 5000 1500 2 8 1090.088379
10 724 10675 72 318 5000 1500 2 9 1080.487061
10 724 10675 72 307 5000 1500 2 9 1106.254028
10 724 10675 72 316 5000 1500 2 9 1026.439575
10 724 10675 72 305 5000 1500 2 9 1152.653687
10 724 10675 72 326 5000 1500 2 9 1144.039185
10 724 10675 364 193 5000 1500 3 4 724.496216
10 724 10675 364 172 5000 1500 3 4 726.139343
10 724 10675 364 163 5000 1500 3 4 764.195862
10 724 10675 364 200 5000 1500 3 4 725.450256
10 724 10675 364 175 5000 1500 3 4 676.325317
10 724 10675 364 246 5000 1500 3 5 706.808105
10 724 10675 364 309 5000 1500 3 5 644.593994
10 724 10675 364 261 5000 1500 3 5 644.331299
10 724 10675 364 237 5000 1500 3 5 698.560364
10 724 10675 364 245 5000 1500 3 5 665.922302
10 724 10675 364 300 5000 1500 3 6 647.399658
10 724 10675 364 311 5000 1500 3 6 662.620483
10 724 10675 364 301 5000 1500 3 6 639.948120
10 724 10675 364 257 5000 1500 3 6 631.094543
10 724 10675 364 299 5000 1500 3 6 682.479553
10 724 10675 364 307 5000 1500 3 7 656.458740
10 724 10675 364 282 5000 1500 3 7 603.272766
10 724 10675 364 295 5000 1500 3 7 660.425476
10 724 10675 364 329 5000 1500 3 7 641.467957
10 724 10675 364 303 5000 1500 3 7 649.078064
10 724 10675 364 307 5000 1500 3 8 655.146729
10 724 10675 364 303 5000 1500 3 8 675.437988
10 724 10675 364 308 5000 1500 3 8 657.485413
10 724 10675 364 304 5000 1500 3 8 635.139343
10 724 10675 364 319 5000 1500 3 8 570.069275
10 724 10675 364 295 5000 1500 3 9 656.805115
10 724 10675 364 350 5000 1500 3 9 594.083191
10 724 10675 364 320 5000 1500 3 9 609.184814
10 724 10675 364 306 5000 1500 3 9 622.155701
10 724 10675 364 280 5000 1500 3 9 647.646362
10 724 10675 1400 118 5000 1500 4 5 581.706482
10 724 10675 1400 126 5000 1500 4 5 554.512024
10 724 10675 1400 111 5000 1500 4 5 562.815857
10 724 10675 1400 105 5000 1500 4 5 556.315674
10 724 10675 1400 121 5000 1500 4 5 585.363831
10 724 10675 1400 152 5000 1500 4 6 528.967590
10 724 10675 1400 156 5000 1500 4 6 514.125427
10 724 10675 1400 163 5000 1500 4 6 524.929016
10 724 10675 1400 147 5000 1500 4 6 543.120117
10 724 10675 1400 147 5000 1500 4 6 521.039368
10 724 10675 1400 181 5000 1500 4 7 542.657593
10 724 10675 1400 141 5000 1500 4 7 525.524109
10 724 10675 1400 156 5000 1500 4 7 538.498352
10 724 10675 1400 166 5000 1500 4 7 534.059387
10 724 10675 1400 158 5000 1500 4 7 517.693665
10 724 10675 1400 144 5000 1500 4 8 540.269897
10 724 10675 1400 166 5000 1500 4 8 525.289673
10 724 10675 1400 143 5000 1500 4 8 519.542053
10 724 10675 1400 150 5000 1500 4 8 521.449585
10 724 10675 1400 159 5000 1500 4 8 536.051270
10 724 10675 1400 176 5000 1500 4 9 537.445557
10 724 10675 1400 155 5000 1500 4 9 527.393494
10 724 10675 1400 145 5000 1500 4 9 513.726929
10 724 10675 1400 156 5000 1500 4 9 528.563538
10 724 10675 1400 143 5000 1500 4 9 527.129333
10 724 10721 3784 60 5000 1500 5 6 585.803101
10 724 10721 3784 58 5000 1500 5 6 580.786865
10 724 10721 3784 53 5000 1500 5 6 596.024902
10 724 10721 3784 60 5000 1500 5 6 584.458862
10 724 10721 3784 52 5000 1500 5 6 582.150146
10 724 10721 3784 60 5000 1500 5 7 572.833618
10 724 10721 3784 56 5000 1500 5 7 577.222900
10 724 10721 3784 63 5000 1500 5 7 583.520874
10 724 10721 3784 71 5000 1500 5 7 586.615051
10 724 10721 3784 62 5000 1500 5 7 575.016541
10 724 10721 3784 58 5000 1500 5 8 576.710083
10 724 10721 3784 63 5000 1500 5 8 592.391846
10 724 10721 3784 56 5000 1500 5 8 585.210022
10 724 10721 3784 72 5000 1500 5 8 601.429016
10 724 10721 3784 65 5000 1500 5 8 580.918030
10 724 10721 3784 66 5000 1500 5 9 566.897583
10 724 10721 3784 64 5000 1500 5 9 573.473572
10 724 10721 3784 60 5000 1500 5 9 579.954651
10 724 10721 3784 56 5000 1500 5 9 578.522278
10 724 10721 3784 64 5000 1500 5 9 584.133972
10 724 10819 5000 90 5000 1500 6 7 922.458923
10 724 10819 5000 84 5000 1500 6 7 927.622009
10 724 10819 5000 93 5000 1500 6 7 935.305908
10 724 10819 5000 84 5000 1500 6 7 888.486877
10 724 10819 5000 85 5000 1500 6 7 915.317810
10 724 10818 5000 81 5000 1500 6 8 945.432068
10 724 10818 5000 85 5000 1500 6 8 890.372253
10 724 10819 5000 89 5000 1500 6 8 910.719849
10 724 10819 5000 84 5000 1500 6 8 927.293823
10 724 10819 5000 78 5000 1500 6 8 834.723450
10 724 10819 5000 83 5000 1500 6 9 911.842957
10 724 10818 5000 83 5000 1500 6 9 909.979248
10 724 10818 5000 93 5000 1500 6 9 989.825806
10 724 10818 5000 85 5000 1500 6 9 860.091431
10 724 10819 5000 87 5000 1500 6 9 881.215332
10 724 10846 5000 135 5000 1500 7 8 917.925232
10 724 10842 5000 147 5000 1500 7 8 937.659546
10 724 10846 5000 157 5000 1500 7 8 942.942444
10 724 10846 5000 155 5000 1500 7 8 990.019470
10 724 10845 5000 153 5000 1500 7 8 925.716492
10 724 10846 5000 146 5000 1500 7 9 918.071533
10 724 10846 5000 138 5000 1500 7 9 997.550659
10 724 10841 5000 145 5000 1500 7 9 881.951355
10 724 10846 5000 145 5000 1500 7 9 998.663147
10 724 10846 5000 178 5000 1500 7 9 900.979126
10 724 10856 5000 140 5000 1500 8 9 906.177063
10 724 10852 5000 133 5000 1500 8 9 948.299133
10 724 10850 5000 167 5000 1500 8 9 968.755798
10 724 10855 5000 140 5000 1500 8 9 911.467407
10 724 10854 5000 162 5000 1500 8 9 949.316650
