NQUEEN SOLUTIONS NODES BLOCKUSED QUEUEUSED MAXBLOCK MAXQUEUE L1 L2 TIME
10 724 10675 1 9 5000 100 0 1 6696.448730
10 724 10675 1 9 5000 100 0 1 6545.892578
10 724 10675 1 9 5000 100 0 1 6327.844727
10 724 10675 1 9 5000 100 0 1 6304.794922
10 724 10675 1 9 5000 100 0 1 6165.002441
10 724 10675 1 31 5000 100 0 2 6849.843262
10 724 10675 1 31 5000 100 0 2 6455.596680
10 724 10675 1 31 5000 100 0 2 6734.045898
10 724 10675 1 31 5000 100 0 2 6541.578613
10 724 10675 1 31 5000 100 0 2 6437.986328
10 724 10675 1 99 5000 100 0 3 6613.464355
10 724 10675 1 99 5000 100 0 3 6304.112305
10 724 10675 1 99 5000 100 0 3 6658.751953
10 724 10675 1 99 5000 100 0 3 6632.947266
10 724 10675 1 99 5000 100 0 3 6801.340820
10 724 10675 1 99 5000 100 0 4 6597.437500
10 724 10675 1 99 5000 100 0 4 6672.751953
10 724 10675 1 99 5000 100 0 4 6258.188477
10 724 10675 1 99 5000 100 0 4 6742.071289
10 724 10675 1 99 5000 100 0 4 6274.013672
10 724 10675 1 100 5000 100 0 5 6422.969727
10 724 10675 1 100 5000 100 0 5 6639.816895
10 724 10675 1 100 5000 100 0 5 6643.320312
10 724 10675 1 100 5000 100 0 5 6396.758789
10 724 10675 1 100 5000 100 0 5 6166.395996
10 724 10675 1 100 5000 100 0 6 6575.325195
10 724 10675 1 100 5000 100 0 6 6867.383789
10 724 10675 1 100 5000 100 0 6 6317.935547
10 724 10675 1 100 5000 100 0 6 6531.500000
10 724 10675 1 100 5000 100 0 6 6801.395020
10 724 10675 1 100 5000 100 0 7 6182.970703
10 724 10675 1 100 5000 100 0 7 6907.801758
10 724 10675 1 100 5000 100 0 7 6318.297852
10 724 10675 1 100 5000 100 0 7 6509.028320
10 724 10675 1 100 5000 100 0 7 6600.082520
10 724 10675 1 100 5000 100 0 8 7655.355957
10 724 10675 1 100 5000 100 0 8 6619.000000
10 724 10675 1 100 5000 100 0 8 6527.499023
10 724 10675 1 100 5000 100 0 8 6446.008789
10 724 10675 1 100 5000 100 0 8 6154.468750
10 724 10675 1 100 5000 100 0 9 6608.771973
10 724 10675 1 100 5000 100 0 9 6082.585938
10 724 10675 1 100 5000 100 0 9 6673.190430
10 724 10675 1 100 5000 100 0 9 6441.512695
10 724 10675 1 100 5000 100 0 9 6514.457520
10 724 10675 10 32 5000 100 1 2 3245.157959
10 724 10675 10 32 5000 100 1 2 3109.442383
10 724 10675 10 32 5000 100 1 2 2642.715332
10 724 10675 10 32 5000 100 1 2 2214.237305
10 724 10675 10 32 5000 100 1 2 2610.281738
10 724 10675 10 59 5000 100 1 3 2590.508057
10 724 10675 10 59 5000 100 1 3 2547.052979
10 724 10675 10 59 5000 100 1 3 2655.971436
10 724 10675 10 59 5000 100 1 3 2746.730713
10 724 10675 10 59 5000 100 1 3 2290.196289
10 724 10675 10 100 5000 100 1 4 2831.869873
10 724 10675 10 100 5000 100 1 4 3047.665527
10 724 10675 10 99 5000 100 1 4 2528.381348
10 724 10675 10 99 5000 100 1 4 2882.219238
10 724 10675 10 100 5000 100 1 4 2630.106934
10 724 10675 10 99 5000 100 1 5 3159.583740
10 724 10675 10 99 5000 100 1 5 3166.045166
10 724 10675 10 100 5000 100 1 5 2560.124268
10 724 10675 10 97 5000 100 1 5 2608.579346
10 724 10675 10 97 5000 100 1 5 2555.636963
10 724 10675 10 99 5000 100 1 6 2662.845215
10 724 10675 10 100 5000 100 1 6 3149.481445
10 724 10675 10 94 5000 100 1 6 2234.658936
10 724 10675 10 100 5000 100 1 6 2560.456299
10 724 10675 10 100 5000 100 1 6 2550.216064
10 724 10675 10 100 5000 100 1 7 2512.165283
10 724 10675 10 100 5000 100 1 7 2294.105225
10 724 10675 10 99 5000 100 1 7 2923.766602
10 724 10675 10 100 5000 100 1 7 2867.063965
10 724 10675 10 100 5000 100 1 7 2653.493896
10 724 10675 10 99 5000 100 1 8 2620.467529
10 724 10675 10 99 5000 100 1 8 2948.256348
10 724 10675 10 99 5000 100 1 8 2506.777832
10 724 10675 10 100 5000 100 1 8 2181.312500
10 724 10675 10 100 5000 100 1 8 2902.605713
10 724 10675 10 99 5000 100 1 9 2634.911377
10 724 10675 10 97 5000 100 1 9 2644.257080
10 724 10675 10 98 5000 100 1 9 2709.134766
10 724 10675 10 94 5000 100 1 9 2556.515869
10 724 10675 10 99 5000 100 1 9 2386.679443
10 724 10675 72 87 5000 100 2 3 1107.145630
10 724 10675 72 87 5000 100 2 3 1231.296509
10 724 10675 72 87 5000 100 2 3 1399.010742
10 724 10675 72 87 5000 100 2 3 1117.514771
10 724 10675 72 87 5000 100 2 3 1232.367920
10 724 10675 72 97 5000 100 2 4 1167.563843
10 724 10675 72 92 5000 100 2 4 1150.931519
10 724 10675 72 91 5000 100 2 4 1522.789795
10 724 10675 72 100 5000 100 2 4 1162.211548
10 724 10675 72 89 5000 100 2 4 1371.034790
10 724 10675 72 100 5000 100 2 5 1126.945923
10 724 10675 72 95 5000 100 2 5 1168.587036
10 724 10675 72 94 5000 100 2 5 1100.814819
10 724 10675 72 89 5000 100 2 5 1052.456421
10 724 10675 72 91 5000 100 2 5 1138.892334
10 724 10675 72 99 5000 100 2 6 1139.808228
10 724 10675 72 98 5000 100 2 6 1100.069702
10 724 10675 72 99 5000 100 2 6 1149.725220
10 724 10675 72 100 5000 100 2 6 1158.748779
10 724 10675 72 99 5000 100 2 6 1097.691040
10 724 10675 72 91 5000 100 2 7 1082.030640
10 724 10675 72 100 5000 100 2 7 1240.783203
10 724 10675 72 89 5000 100 2 7 1101.222778
10 724 10675 72 97 5000 100 2 7 1122.448608
10 724 10675 72 95 5000 100 2 7 1101.269409
10 724 10675 72 93 5000 100 2 8 1082.213867
10 724 10675 72 95 5000 100 2 8 1117.437256
10 724 10675 72 95 5000 100 2 8 1107.500000
10 724 10675 72 100 5000 100 2 8 1136.404785
10 724 10675 72 91 5000 100 2 8 1137.863892
10 724 10675 72 97 5000 100 2 9 1126.130127
10 724 10675 72 93 5000 100 2 9 1098.104980
10 724 10675 72 89 5000 100 2 9 1087.360352
10 724 10675 72 96 5000 100 2 9 1119.121948
10 724 10675 72 98 5000 100 2 9 1212.084717
10 724 10675 364 100 5000 100 3 4 698.618164
10 724 10675 364 94 5000 100 3 4 719.805420
10 724 10675 364 83 5000 100 3 4 735.165283
10 724 10675 364 100 5000 100 3 4 780.583313
10 724 10675 364 91 5000 100 3 4 697.653137
10 724 10675 364 97 5000 100 3 5 764.831848
10 724 10675 364 85 5000 100 3 5 719.374084
10 724 10675 364 100 5000 100 3 5 714.021851
10 724 10675 364 81 5000 100 3 5 732.957947
10 724 10675 364 97 5000 100 3 5 733.317627
10 724 10675 364 99 5000 100 3 6 687.539001
10 724 10675 364 88 5000 100 3 6 646.279114
10 724 10675 364 100 5000 100 3 6 678.241211
10 724 10675 364 84 5000 100 3 6 711.438354
10 724 10675 364 99 5000 100 3 6 720.250305
10 724 10675 364 100 5000 100 3 7 675.194153
10 724 10675 364 99 5000 100 3 7 688.611877
10 724 10675 364 89 5000 100 3 7 693.636292
10 724 10675 364 91 5000 100 3 7 674.674255
10 724 10675 364 81 5000 100 3 7 688.615112
10 724 10675 364 98 5000 100 3 8 689.325867
10 724 10675 364 99 5000 100 3 8 716.929077
10 724 10675 364 93 5000 100 3 8 685.453064
10 724 10675 364 88 5000 100 3 8 675.549744
10 724 10675 364 96 5000 100 3 8 722.691345
10 724 10675 364 98 5000 100 3 9 710.029541
10 724 10675 364 98 5000 100 3 9 665.734802
10 724 10675 364 100 5000 100 3 9 696.159363
10 724 10675 364 99 5000 100 3 9 682.839722
10 724 10675 364 93 5000 100 3 9 692.583984
10 724 10675 1400 100 5000 100 4 5 594.173767
10 724 10675 1400 99 5000 100 4 5 604.768616
10 724 10675 1400 99 5000 100 4 5 626.041382
10 724 10675 1400 96 5000 100 4 5 615.316589
10 724 10675 1400 99 5000 100 4 5 598.195435
10 724 10675 1400 100 5000 100 4 6 590.971497
10 724 10675 1400 100 5000 100 4 6 589.084229
10 724 10675 1400 100 5000 100 4 6 577.948486
10 724 10675 1400 100 5000 100 4 6 570.745667
10 724 10675 1400 100 5000 100 4 6 625.589905
10 724 10675 1400 100 5000 100 4 7 618.037415
10 724 10675 1400 100 5000 100 4 7 569.834106
10 724 10675 1400 95 5000 100 4 7 591.500916
10 724 10675 1400 100 5000 100 4 7 581.493591
10 724 10675 1400 100 5000 100 4 7 560.596924
10 724 10675 1400 100 5000 100 4 8 611.598572
10 724 10675 1400 100 5000 100 4 8 568.176697
10 724 10675 1400 99 5000 100 4 8 614.296753
10 724 10675 1400 100 5000 100 4 8 601.514709
10 724 10675 1400 100 5000 100 4 8 550.335083
10 724 10675 1400 100 5000 100 4 9 560.504517
10 724 10675 1400 99 5000 100 4 9 567.046326
10 724 10675 1400 97 5000 100 4 9 579.481812
10 724 10675 1400 100 5000 100 4 9 620.530884
10 724 10675 1400 100 5000 100 4 9 615.677673
10 724 10721 3784 55 5000 100 5 6 626.363403
10 724 10721 3784 60 5000 100 5 6 627.327881
10 724 10721 3784 50 5000 100 5 6 620.732117
10 724 10721 3784 57 5000 100 5 6 637.316833
10 724 10721 3784 60 5000 100 5 6 626.355042
10 724 10721 3784 56 5000 100 5 7 609.998596
10 724 10721 3784 68 5000 100 5 7 619.944885
10 724 10721 3784 65 5000 100 5 7 629.887268
10 724 10721 3784 62 5000 100 5 7 618.872437
10 724 10721 3784 66 5000 100 5 7 611.616882
10 724 10721 3784 58 5000 100 5 8 614.197937
10 724 10721 3784 57 5000 100 5 8 608.320374
10 724 10721 3784 63 5000 100 5 8 607.413635
10 724 10721 3784 67 5000 100 5 8 610.308289
10 724 10721 3784 68 5000 100 5 8 616.755615
10 724 10721 3784 64 5000 100 5 9 616.793640
10 724 10721 3784 62 5000 100 5 9 611.587158
10 724 10721 3784 60 5000 100 5 9 598.273315
10 724 10721 3784 65 5000 100 5 9 629.345703
10 724 10721 3784 57 5000 100 5 9 614.302246
10 724 10819 5000 84 5000 100 6 7 902.516785
10 724 10818 5000 97 5000 100 6 7 1004.568359
10 724 10819 5000 80 5000 100 6 7 902.095215
10 724 10819 5000 85 5000 100 6 7 978.082886
10 724 10819 5000 79 5000 100 6 7 969.878479
10 724 10817 5000 98 5000 100 6 8 980.619019
10 724 10819 5000 89 5000 100 6 8 1029.396851
10 724 10819 5000 91 5000 100 6 8 1008.670166
10 724 10819 5000 90 5000 100 6 8 989.837097
10 724 10819 5000 89 5000 100 6 8 1000.638855
10 724 10819 5000 89 5000 100 6 9 905.442078
10 724 10818 5000 81 5000 100 6 9 924.873840
10 724 10819 5000 90 5000 100 6 9 997.870544
10 724 10819 5000 88 5000 100 6 9 962.073059
10 724 10819 5000 91 5000 100 6 9 915.648621
10 724 10848 5000 99 5000 100 7 8 1153.807007
10 724 10846 5000 100 5000 100 7 8 1039.786499
10 724 10844 5000 97 5000 100 7 8 1037.493286
10 724 10846 5000 100 5000 100 7 8 918.746521
10 724 10841 5000 98 5000 100 7 8 948.963867
10 724 10845 5000 100 5000 100 7 9 1468.412964
10 724 10840 5000 100 5000 100 7 9 1048.653809
10 724 10841 5000 100 5000 100 7 9 1073.640869
10 724 10847 5000 100 5000 100 7 9 1083.909058
10 724 10845 5000 100 5000 100 7 9 1005.446289
10 724 10854 5000 100 5000 100 8 9 932.902954
10 724 10853 5000 100 5000 100 8 9 989.440308
10 724 10855 5000 100 5000 100 8 9 1070.182983
10 724 10851 5000 100 5000 100 8 9 971.763245
10 724 10856 5000 100 5000 100 8 9 1027.768433
