NQUEEN SOLUTIONS NODES BLOCKUSED QUEUEUSED MAXBLOCK MAXQUEUE L1 L2 TIME
12 14200 234433 1 11 60000 60000 0 1 161610.953125
12 14200 234433 1 11 60000 60000 0 1 140834.000000
12 14200 234433 1 11 60000 60000 0 1 162540.578125
12 14200 234433 1 11 60000 60000 0 1 147714.921875
12 14200 234433 1 11 60000 60000 0 1 142426.468750
12 14200 234433 1 48 60000 60000 0 2 155023.031250
12 14200 234433 1 48 60000 60000 0 2 151458.921875
12 14200 234433 1 48 60000 60000 0 2 148648.843750
12 14200 234433 1 48 60000 60000 0 2 150732.281250
12 14200 234433 1 48 60000 60000 0 2 156211.421875
12 14200 234433 1 252 60000 60000 0 3 151273.859375
12 14200 234433 1 252 60000 60000 0 3 148166.656250
12 14200 234433 1 252 60000 60000 0 3 157860.781250
12 14200 234433 1 252 60000 60000 0 3 147209.968750
12 14200 234433 1 252 60000 60000 0 3 155741.312500
12 14200 234433 1 978 60000 60000 0 4 148329.140625
12 14200 234433 1 978 60000 60000 0 4 158111.046875
12 14200 234433 1 978 60000 60000 0 4 151668.546875
12 14200 234433 1 978 60000 60000 0 4 151993.562500
12 14200 234433 1 978 60000 60000 0 4 147670.640625
12 14200 234433 1 3113 60000 60000 0 5 165103.453125
12 14200 234433 1 3113 60000 60000 0 5 168666.812500
12 14200 234433 1 3113 60000 60000 0 5 173926.234375
12 14200 234433 1 3113 60000 60000 0 5 165844.437500
12 14200 234433 1 3113 60000 60000 0 5 162870.453125
12 14200 234433 1 7353 60000 60000 0 6 246358.000000
12 14200 234433 1 7353 60000 60000 0 6 250907.765625
12 14200 234433 1 7353 60000 60000 0 6 248853.218750
12 14200 234433 1 7353 60000 60000 0 6 247362.218750
12 14200 234433 1 7353 60000 60000 0 6 231837.562500
12 14200 234433 1 11807 60000 60000 0 7 392442.937500
12 14200 234433 1 11807 60000 60000 0 7 381977.531250
12 14200 234433 1 11807 60000 60000 0 7 386169.000000
12 14200 234433 1 11807 60000 60000 0 7 378031.468750
12 14200 234433 1 11807 60000 60000 0 7 392212.187500
12 14200 234433 1 13417 60000 60000 0 8 465369.562500
12 14200 234433 1 13417 60000 60000 0 8 441255.468750
12 14200 234433 1 13417 60000 60000 0 8 446363.000000
12 14200 234433 1 13417 60000 60000 0 8 439048.000000
12 14200 234433 1 13417 60000 60000 0 8 448451.937500
12 14200 234433 1 13733 60000 60000 0 9 472124.562500
12 14200 234433 1 13733 60000 60000 0 9 458552.187500
12 14200 234433 1 13733 60000 60000 0 9 455204.062500
12 14200 234433 1 13733 60000 60000 0 9 462206.125000
12 14200 234433 1 13733 60000 60000 0 9 470252.500000
12 14200 234433 1 13780 60000 60000 0 10 463856.656250
12 14200 234433 1 13780 60000 60000 0 10 460175.437500
12 14200 234433 1 13780 60000 60000 0 10 469191.281250
12 14200 234433 1 13780 60000 60000 0 10 464313.093750
12 14200 234433 1 13780 60000 60000 0 10 463721.843750
12 14200 234433 1 13792 60000 60000 0 11 463089.250000
12 14200 234433 1 13792 60000 60000 0 11 465972.468750
12 14200 234433 1 13792 60000 60000 0 11 457976.281250
12 14200 234433 1 13792 60000 60000 0 11 470634.343750
12 14200 234433 1 13792 60000 60000 0 11 461049.187500
12 14200 234433 12 42 60000 60000 1 2 49413.027344
12 14200 234433 12 42 60000 60000 1 2 53706.992188
12 14200 234433 12 42 60000 60000 1 2 57549.054688
12 14200 234433 12 42 60000 60000 1 2 49136.218750
12 14200 234433 12 42 60000 60000 1 2 45761.863281
12 14200 234433 12 87 60000 60000 1 3 63405.031250
12 14200 234433 12 87 60000 60000 1 3 69155.242188
12 14200 234433 12 87 60000 60000 1 3 69334.976562
12 14200 234433 12 87 60000 60000 1 3 47496.015625
12 14200 234433 12 91 60000 60000 1 3 65906.093750
12 14200 234433 12 273 60000 60000 1 4 47306.230469
12 14200 234433 12 279 60000 60000 1 4 61576.484375
12 14200 234433 12 279 60000 60000 1 4 60840.210938
12 14200 234433 12 263 60000 60000 1 4 53201.972656
12 14200 234433 12 262 60000 60000 1 4 60533.875000
12 14200 234433 12 1419 60000 60000 1 5 56972.781250
12 14200 234433 12 1451 60000 60000 1 5 51763.875000
12 14200 234433 12 1328 60000 60000 1 5 60737.566406
12 14200 234433 12 1421 60000 60000 1 5 51514.109375
12 14200 234433 12 1439 60000 60000 1 5 56454.011719
12 14200 234433 12 3351 60000 60000 1 6 69247.562500
12 14200 234433 12 3436 60000 60000 1 6 64400.667969
12 14200 234433 12 3381 60000 60000 1 6 60778.722656
12 14200 234433 12 3135 60000 60000 1 6 60055.652344
12 14200 234433 12 3243 60000 60000 1 6 61370.289062
12 14200 234433 12 5307 60000 60000 1 7 79074.625000
12 14200 234433 12 5285 60000 60000 1 7 84562.531250
12 14200 234433 12 5451 60000 60000 1 7 79869.906250
12 14200 234433 12 5283 60000 60000 1 7 83973.320312
12 14200 234433 12 5164 60000 60000 1 7 81463.765625
12 14200 234433 12 6075 60000 60000 1 8 100745.835938
12 14200 234433 12 6054 60000 60000 1 8 98038.125000
12 14200 234433 12 5857 60000 60000 1 8 88439.078125
12 14200 234433 12 6038 60000 60000 1 8 95944.859375
12 14200 234433 12 6030 60000 60000 1 8 97858.523438
12 14200 234433 12 6737 60000 60000 1 9 106453.203125
12 14200 234433 12 6258 60000 60000 1 9 103962.593750
12 14200 234433 12 5969 60000 60000 1 9 92445.734375
12 14200 234433 12 6225 60000 60000 1 9 99897.304688
12 14200 234433 12 5994 60000 60000 1 9 94248.000000
12 14200 234433 12 6161 60000 60000 1 10 100828.781250
12 14200 234433 12 6420 60000 60000 1 10 107686.218750
12 14200 234433 12 6778 60000 60000 1 10 101724.210938
12 14200 234433 12 6479 60000 60000 1 10 98675.882812
12 14200 234433 12 6099 60000 60000 1 10 100358.476562
12 14200 234433 12 6683 60000 60000 1 11 104838.609375
12 14200 234433 12 6780 60000 60000 1 11 100570.859375
12 14200 234433 12 6417 60000 60000 1 11 96531.734375
12 14200 234433 12 6359 60000 60000 1 11 101211.835938
12 14200 234433 12 6503 60000 60000 1 11 102338.593750
12 14200 234433 110 127 60000 60000 2 3 27038.894531
12 14200 234433 110 127 60000 60000 2 3 25519.378906
12 14200 234433 110 127 60000 60000 2 3 24461.697266
12 14200 234433 110 127 60000 60000 2 3 22359.375000
12 14200 234433 110 127 60000 60000 2 3 22266.384766
12 14200 234433 110 230 60000 60000 2 4 23635.576172
12 14200 234433 110 230 60000 60000 2 4 23307.804688
12 14200 234433 110 230 60000 60000 2 4 27054.431641
12 14200 234433 110 232 60000 60000 2 4 23909.025391
12 14200 234433 110 235 60000 60000 2 4 25655.640625
12 14200 234433 110 461 60000 60000 2 5 23059.228516
12 14200 234433 110 472 60000 60000 2 5 24420.765625
12 14200 234433 110 458 60000 60000 2 5 21304.714844
12 14200 234433 110 445 60000 60000 2 5 21527.673828
12 14200 234433 110 437 60000 60000 2 5 25019.933594
12 14200 234433 110 1369 60000 60000 2 6 22779.558594
12 14200 234433 110 1348 60000 60000 2 6 21349.470703
12 14200 234433 110 1372 60000 60000 2 6 24240.193359
12 14200 234433 110 1337 60000 60000 2 6 23025.898438
12 14200 234433 110 1573 60000 60000 2 6 22612.580078
12 14200 234433 110 2393 60000 60000 2 7 24539.544922
12 14200 234433 110 2421 60000 60000 2 7 23375.693359
12 14200 234433 110 2335 60000 60000 2 7 23949.250000
12 14200 234433 110 2365 60000 60000 2 7 23044.746094
12 14200 234433 110 2352 60000 60000 2 7 23876.189453
12 14200 234433 110 2652 60000 60000 2 8 22470.519531
12 14200 234433 110 2683 60000 60000 2 8 22714.484375
12 14200 234433 110 2711 60000 60000 2 8 22156.675781
12 14200 234433 110 2713 60000 60000 2 8 25954.039062
12 14200 234433 110 2684 60000 60000 2 8 22846.828125
12 14200 234433 110 2902 60000 60000 2 9 24152.283203
12 14200 234433 110 2922 60000 60000 2 9 23482.921875
12 14200 234433 110 2759 60000 60000 2 9 22734.796875
12 14200 234433 110 2853 60000 60000 2 9 24883.626953
12 14200 234433 110 2665 60000 60000 2 9 24350.275391
12 14200 234433 110 2735 60000 60000 2 10 22878.707031
12 14200 234433 110 2807 60000 60000 2 10 23471.242188
12 14200 234433 110 2891 60000 60000 2 10 23794.453125
12 14200 234433 110 2813 60000 60000 2 10 25154.455078
12 14200 234433 110 2791 60000 60000 2 10 23983.906250
12 14200 234433 110 3001 60000 60000 2 11 22755.367188
12 14200 234433 110 3011 60000 60000 2 11 25058.458984
12 14200 234433 110 2902 60000 60000 2 11 24472.126953
12 14200 234433 110 2737 60000 60000 2 11 22628.015625
12 14200 234433 110 2783 60000 60000 2 11 25042.498047
12 14200 234433 756 305 60000 60000 3 4 13016.633789
12 14200 234433 756 292 60000 60000 3 4 12630.786133
12 14200 234433 756 327 60000 60000 3 4 13084.440430
12 14200 234433 756 300 60000 60000 3 4 14000.821289
12 14200 234433 756 277 60000 60000 3 4 13473.486328
12 14200 234433 756 544 60000 60000 3 5 12927.887695
12 14200 234433 756 536 60000 60000 3 5 13355.559570
12 14200 234433 756 543 60000 60000 3 5 13088.143555
12 14200 234433 756 529 60000 60000 3 5 12327.742188
12 14200 234433 756 505 60000 60000 3 5 13298.036133
12 14200 234433 756 756 60000 60000 3 6 12775.844727
12 14200 234433 756 844 60000 60000 3 6 13091.917969
12 14200 234433 756 803 60000 60000 3 6 13005.787109
12 14200 234433 756 691 60000 60000 3 6 12615.771484
12 14200 234433 756 853 60000 60000 3 6 12809.269531
12 14200 234433 756 1055 60000 60000 3 7 12604.516602
12 14200 234433 756 1156 60000 60000 3 7 12305.734375
12 14200 234433 756 1170 60000 60000 3 7 12452.018555
12 14200 234433 756 1104 60000 60000 3 7 12404.151367
12 14200 234433 756 1097 60000 60000 3 7 12495.631836
12 14200 234433 756 1158 60000 60000 3 8 12405.794922
12 14200 234433 756 1288 60000 60000 3 8 12157.857422
12 14200 234433 756 1237 60000 60000 3 8 12545.803711
12 14200 234433 756 1439 60000 60000 3 8 12365.277344
12 14200 234433 756 1587 60000 60000 3 8 12651.190430
12 14200 234433 756 1258 60000 60000 3 9 12337.720703
12 14200 234433 756 1258 60000 60000 3 9 12024.219727
12 14200 234433 756 1360 60000 60000 3 9 12466.562500
12 14200 234433 756 1425 60000 60000 3 9 12788.630859
12 14200 234433 756 1286 60000 60000 3 9 12435.513672
12 14200 234433 756 1419 60000 60000 3 10 12168.212891
12 14200 234433 756 1305 60000 60000 3 10 12081.181641
12 14200 234433 756 1680 60000 60000 3 10 11958.391602
12 14200 234433 756 1469 60000 60000 3 10 12013.994141
12 14200 234433 756 1384 60000 60000 3 10 11675.771484
12 14200 234433 756 1516 60000 60000 3 11 12263.208008
12 14200 234433 756 1252 60000 60000 3 11 12730.417969
12 14200 234433 756 1418 60000 60000 3 11 12132.205078
12 14200 234433 756 1393 60000 60000 3 11 12100.626953
12 14200 234433 756 1301 60000 60000 3 11 12435.399414
12 14200 234433 4080 296 60000 60000 4 5 10990.986328
12 14200 234433 4080 248 60000 60000 4 5 10998.406250
12 14200 234433 4080 246 60000 60000 4 5 10850.158203
12 14200 234433 4080 269 60000 60000 4 5 11198.542969
12 14200 234433 4080 249 60000 60000 4 5 10998.652344
12 14200 234433 4080 382 60000 60000 4 6 11090.685547
12 14200 234433 4080 402 60000 60000 4 6 11108.784180
12 14200 234433 4080 424 60000 60000 4 6 10897.156250
12 14200 234433 4080 389 60000 60000 4 6 11053.468750
12 14200 234433 4080 369 60000 60000 4 6 10980.622070
12 14200 234433 4080 551 60000 60000 4 7 10978.339844
12 14200 234433 4080 537 60000 60000 4 7 11027.302734
12 14200 234433 4080 514 60000 60000 4 7 10840.226562
12 14200 234433 4080 537 60000 60000 4 7 10900.809570
12 14200 234433 4080 524 60000 60000 4 7 11202.628906
12 14200 234433 4080 599 60000 60000 4 8 10780.708984
12 14200 234433 4080 567 60000 60000 4 8 10632.987305
12 14200 234433 4080 523 60000 60000 4 8 10678.714844
12 14200 234433 4080 494 60000 60000 4 8 10579.280273
12 14200 234433 4080 557 60000 60000 4 8 10625.632812
12 14200 234433 4080 567 60000 60000 4 9 10562.160156
12 14200 234433 4080 574 60000 60000 4 9 10702.280273
12 14200 234433 4080 585 60000 60000 4 9 10593.476562
12 14200 234433 4080 601 60000 60000 4 9 10675.436523
12 14200 234433 4080 607 60000 60000 4 9 10688.622070
12 14200 234433 4080 583 60000 60000 4 10 10606.020508
12 14200 234433 4080 564 60000 60000 4 10 10613.190430
12 14200 234433 4080 594 60000 60000 4 10 10843.098633
12 14200 234433 4080 581 60000 60000 4 10 10689.394531
12 14200 234433 4080 581 60000 60000 4 10 10575.690430
12 14200 234433 4080 545 60000 60000 4 11 10874.162109
12 14200 234433 4080 568 60000 60000 4 11 10443.458984
12 14200 234433 4080 582 60000 60000 4 11 10577.072266
12 14200 234433 4080 628 60000 60000 4 11 10771.479492
12 14200 234433 4080 542 60000 60000 4 11 10557.519531
12 14200 234433 16852 196 60000 60000 5 6 11288.707031
12 14200 234433 16852 191 60000 60000 5 6 11331.444336
12 14200 234433 16852 188 60000 60000 5 6 11231.398438
12 14200 234433 16852 194 60000 60000 5 6 11279.094727
12 14200 234433 16852 209 60000 60000 5 6 11191.814453
12 14200 234433 16852 292 60000 60000 5 7 11260.017578
12 14200 234433 16852 279 60000 60000 5 7 11093.927734
12 14200 234433 16852 267 60000 60000 5 7 11201.526367
12 14200 234433 16852 269 60000 60000 5 7 11173.668945
12 14200 234433 16852 264 60000 60000 5 7 11111.593750
12 14200 234433 16852 329 60000 60000 5 8 10991.215820
12 14200 234433 16852 331 60000 60000 5 8 11035.571289
12 14200 234433 16852 309 60000 60000 5 8 10953.362305
12 14200 234433 16852 346 60000 60000 5 8 10881.960938
12 14200 234433 16852 294 60000 60000 5 8 10964.117188
12 14200 234433 16852 303 60000 60000 5 9 10959.618164
12 14200 234433 16852 326 60000 60000 5 9 10859.671875
12 14200 234433 16852 355 60000 60000 5 9 10788.572266
12 14200 234433 16852 294 60000 60000 5 9 10779.788086
12 14200 234433 16852 325 60000 60000 5 9 11030.834961
12 14200 234433 16852 297 60000 60000 5 10 10788.610352
12 14200 234433 16852 323 60000 60000 5 10 10655.795898
12 14200 234433 16852 308 60000 60000 5 10 10899.482422
12 14200 234433 16852 309 60000 60000 5 10 10939.742188
12 14200 234433 16852 309 60000 60000 5 10 10965.208008
12 14200 234433 16852 297 60000 60000 5 11 10827.323242
12 14200 234433 16852 343 60000 60000 5 11 10852.794922
12 14200 234433 16852 300 60000 60000 5 11 10823.984375
12 14200 234433 16852 312 60000 60000 5 11 11022.087891
12 14200 234433 16852 331 60000 60000 5 11 10894.921875
12 14200 235001 52114 108 60000 60000 6 7 11903.037109
12 14200 235001 52114 112 60000 60000 6 7 11829.409180
12 14200 235001 52114 110 60000 60000 6 7 11998.452148
12 14200 235001 52114 122 60000 60000 6 7 12006.453125
12 14200 235001 52114 129 60000 60000 6 7 12181.430664
12 14200 235001 52114 137 60000 60000 6 8 11718.380859
12 14200 235001 52114 157 60000 60000 6 8 11848.691406
12 14200 235001 52114 136 60000 60000 6 8 11700.110352
12 14200 235001 52114 156 60000 60000 6 8 11808.202148
12 14200 235001 52114 163 60000 60000 6 8 11736.832031
12 14200 235001 52114 147 60000 60000 6 9 11521.838867
12 14200 235001 52114 147 60000 60000 6 9 11844.390625
12 14200 235001 52114 155 60000 60000 6 9 11644.247070
12 14200 235001 52114 131 60000 60000 6 9 11645.261719
12 14200 235001 52114 141 60000 60000 6 9 11828.715820
12 14200 235001 52114 146 60000 60000 6 10 11677.538086
12 14200 235001 52114 136 60000 60000 6 10 11746.756836
12 14200 235001 52114 140 60000 60000 6 10 11627.295898
12 14200 235001 52114 146 60000 60000 6 10 11716.458984
12 14200 235001 52114 135 60000 60000 6 10 11551.390625
12 14200 235001 52114 144 60000 60000 6 11 11535.833008
12 14200 235001 52114 132 60000 60000 6 11 11512.519531
12 14200 235001 52114 146 60000 60000 6 11 11517.654297
12 14200 235001 52114 146 60000 60000 6 11 11495.839844
12 14200 235001 52114 146 60000 60000 6 11 11734.511719
12 14200 236494 60000 1677 60000 60000 7 8 34827.832031
12 14200 236504 60000 1677 60000 60000 7 8 40153.195312
12 14200 236526 60000 2095 60000 60000 7 8 39861.160156
12 14200 236509 60000 2017 60000 60000 7 8 42109.324219
12 14200 236505 60000 2020 60000 60000 7 8 39171.242188
12 14200 236492 60000 1946 60000 60000 7 9 36225.976562
12 14200 236510 60000 1993 60000 60000 7 9 36526.492188
12 14200 236509 60000 1717 60000 60000 7 9 38264.117188
12 14200 236515 60000 2820 60000 60000 7 9 37335.824219
12 14200 236510 60000 2612 60000 60000 7 9 40749.109375
12 14200 236509 60000 1976 60000 60000 7 10 36849.269531
12 14200 236464 60000 1436 60000 60000 7 10 28309.562500
12 14200 236515 60000 3049 60000 60000 7 10 40750.929688
12 14200 236512 60000 3333 60000 60000 7 10 38919.953125
12 14200 236481 60000 2231 60000 60000 7 10 38259.738281
12 14200 236506 60000 3308 60000 60000 7 11 46253.796875
12 14200 236499 60000 2219 60000 60000 7 11 40676.968750
12 14200 236491 60000 2007 60000 60000 7 11 36828.246094
12 14200 236511 60000 1764 60000 60000 7 11 40602.300781
12 14200 236504 60000 2095 60000 60000 7 11 39710.136719
12 14200 237163 60000 2088 60000 60000 8 9 42132.828125
12 14200 237171 60000 2537 60000 60000 8 9 36850.144531
12 14200 237189 60000 1806 60000 60000 8 9 40352.218750
12 14200 237251 60000 1576 60000 60000 8 9 31716.605469
12 14200 237190 60000 2043 60000 60000 8 9 44016.527344
12 14200 237189 60000 1761 60000 60000 8 10 45205.449219
12 14200 237244 60000 1868 60000 60000 8 10 41037.269531
12 14200 237170 60000 2074 60000 60000 8 10 40870.363281
12 14200 237270 60000 2100 60000 60000 8 10 44330.929688
12 14200 237259 60000 2139 60000 60000 8 10 36496.316406
12 14200 237185 60000 1717 60000 60000 8 11 40165.675781
12 14200 237252 60000 3379 60000 60000 8 11 43693.941406
12 14200 237193 60000 2886 60000 60000 8 11 33471.960938
12 14200 237269 60000 2369 60000 60000 8 11 40951.281250
12 14200 237151 60000 1771 60000 60000 8 11 43453.691406
12 14200 237373 60000 3172 60000 60000 9 10 24153.720703
12 14200 237432 60000 2201 60000 60000 9 10 37647.839844
12 14200 237383 60000 2667 60000 60000 9 10 41032.226562
12 14200 237384 60000 1803 60000 60000 9 10 37332.972656
12 14200 237386 60000 2041 60000 60000 9 10 42289.781250
12 14200 237376 60000 3423 60000 60000 9 11 32035.738281
12 14200 237377 60000 1902 60000 60000 9 11 35316.093750
12 14200 237368 60000 2048 60000 60000 9 11 28224.814453
12 14200 237355 60000 2265 60000 60000 9 11 41052.503906
12 14200 237401 60000 2905 60000 60000 9 11 30066.101562
12 14200 237359 60000 2168 60000 60000 10 11 40206.207031
12 14200 237383 60000 2439 60000 60000 10 11 39745.855469
12 14200 237418 60000 2805 60000 60000 10 11 45819.289062
12 14200 237380 60000 2661 60000 60000 10 11 44310.656250
12 14200 237422 60000 2818 60000 60000 10 11 41101.664062
