NQUEEN SOLUTIONS NODES BLOCKUSED QUEUEUSED MAXBLOCK MAXQUEUE L1 L2 TIME
8 92 673 1 7 1000 1000 0 1 399.179443
8 92 673 1 7 1000 1000 0 1 375.301575
8 92 673 1 7 1000 1000 0 1 412.358612
8 92 673 1 7 1000 1000 0 1 392.740082
8 92 673 1 7 1000 1000 0 1 396.175720
8 92 673 1 18 1000 1000 0 2 391.866028
8 92 673 1 18 1000 1000 0 2 387.214325
8 92 673 1 18 1000 1000 0 2 458.896545
8 92 673 1 18 1000 1000 0 2 377.525177
8 92 673 1 18 1000 1000 0 2 367.929504
8 92 673 1 42 1000 1000 0 3 416.523193
8 92 673 1 42 1000 1000 0 3 409.536835
8 92 673 1 42 1000 1000 0 3 420.311768
8 92 673 1 42 1000 1000 0 3 424.007172
8 92 673 1 42 1000 1000 0 3 387.966339
8 92 673 1 85 1000 1000 0 4 381.097107
8 92 673 1 85 1000 1000 0 4 364.633301
8 92 673 1 85 1000 1000 0 4 374.838379
8 92 673 1 85 1000 1000 0 4 363.986633
8 92 673 1 85 1000 1000 0 4 356.982025
8 92 673 1 101 1000 1000 0 5 390.192993
8 92 673 1 101 1000 1000 0 5 342.123932
8 92 673 1 101 1000 1000 0 5 380.590485
8 92 673 1 101 1000 1000 0 5 351.943146
8 92 673 1 101 1000 1000 0 5 365.158112
8 92 673 1 101 1000 1000 0 6 328.285339
8 92 673 1 101 1000 1000 0 6 361.789551
8 92 673 1 101 1000 1000 0 6 360.998047
8 92 673 1 101 1000 1000 0 6 369.821259
8 92 673 1 101 1000 1000 0 6 352.912415
8 92 673 1 102 1000 1000 0 7 369.118103
8 92 673 1 102 1000 1000 0 7 349.334656
8 92 673 1 102 1000 1000 0 7 328.450989
8 92 673 1 102 1000 1000 0 7 351.886169
8 92 673 1 102 1000 1000 0 7 350.159332
8 92 673 8 22 1000 1000 1 2 162.291687
8 92 673 8 22 1000 1000 1 2 164.547134
8 92 673 8 22 1000 1000 1 2 157.985474
8 92 673 8 22 1000 1000 1 2 142.417084
8 92 673 8 22 1000 1000 1 2 161.065857
8 92 673 8 37 1000 1000 1 3 175.495651
8 92 673 8 37 1000 1000 1 3 175.634521
8 92 673 8 37 1000 1000 1 3 170.276093
8 92 673 8 37 1000 1000 1 3 172.525665
8 92 673 8 37 1000 1000 1 3 143.921478
8 92 673 8 56 1000 1000 1 4 126.297218
8 92 673 8 59 1000 1000 1 4 126.939873
8 92 673 8 58 1000 1000 1 4 134.114105
8 92 673 8 56 1000 1000 1 4 135.567902
8 92 673 8 59 1000 1000 1 4 116.966270
8 92 673 8 59 1000 1000 1 5 148.240128
8 92 673 8 63 1000 1000 1 5 135.970078
8 92 673 8 63 1000 1000 1 5 151.017029
8 92 673 8 64 1000 1000 1 5 158.048935
8 92 673 8 57 1000 1000 1 5 154.185471
8 92 673 8 62 1000 1000 1 6 122.372734
8 92 673 8 60 1000 1000 1 6 134.937698
8 92 673 8 58 1000 1000 1 6 146.518433
8 92 673 8 70 1000 1000 1 6 125.957375
8 92 673 8 64 1000 1000 1 6 139.677475
8 92 673 8 59 1000 1000 1 7 123.169090
8 92 673 8 65 1000 1000 1 7 120.134460
8 92 673 8 70 1000 1000 1 7 150.989502
8 92 673 8 60 1000 1000 1 7 158.765625
8 92 673 8 64 1000 1000 1 7 150.846527
8 92 673 42 47 1000 1000 2 3 76.503006
8 92 673 42 47 1000 1000 2 3 72.586815
8 92 673 42 47 1000 1000 2 3 67.195778
8 92 673 42 47 1000 1000 2 3 81.063744
8 92 673 42 47 1000 1000 2 3 72.250496
8 92 673 42 73 1000 1000 2 4 65.447906
8 92 673 42 75 1000 1000 2 4 77.963455
8 92 673 42 73 1000 1000 2 4 71.910591
8 92 673 42 72 1000 1000 2 4 64.013695
8 92 673 42 73 1000 1000 2 4 69.675201
8 92 673 42 79 1000 1000 2 5 67.621826
8 92 673 42 79 1000 1000 2 5 62.941025
8 92 673 42 79 1000 1000 2 5 70.475197
8 92 673 42 81 1000 1000 2 5 61.470367
8 92 673 42 77 1000 1000 2 5 70.440193
8 92 673 42 76 1000 1000 2 6 65.588928
8 92 673 42 77 1000 1000 2 6 61.387360
8 92 673 42 76 1000 1000 2 6 71.144638
8 92 673 42 81 1000 1000 2 6 65.365120
8 92 673 42 79 1000 1000 2 6 67.964767
8 92 673 42 79 1000 1000 2 7 59.043873
8 92 673 42 78 1000 1000 2 7 69.918785
8 92 673 42 75 1000 1000 2 7 64.202972
8 92 673 42 80 1000 1000 2 7 59.694336
8 92 673 42 76 1000 1000 2 7 64.422562
8 92 673 140 72 1000 1000 3 4 49.577599
8 92 673 140 67 1000 1000 3 4 50.949215
8 92 673 140 68 1000 1000 3 4 51.957890
8 92 673 140 69 1000 1000 3 4 50.556129
8 92 673 140 70 1000 1000 3 4 50.287136
8 92 673 140 75 1000 1000 3 5 52.551937
8 92 673 140 79 1000 1000 3 5 55.531487
8 92 673 140 80 1000 1000 3 5 52.295586
8 92 673 140 79 1000 1000 3 5 52.661247
8 92 673 140 79 1000 1000 3 5 57.511265
8 92 673 140 84 1000 1000 3 6 54.640705
8 92 673 140 78 1000 1000 3 6 56.348190
8 92 673 140 75 1000 1000 3 6 56.958881
8 92 673 140 79 1000 1000 3 6 52.317280
8 92 673 140 81 1000 1000 3 6 53.647488
8 92 673 140 81 1000 1000 3 7 53.319038
8 92 673 140 78 1000 1000 3 7 53.640224
8 92 673 140 81 1000 1000 3 7 57.211166
8 92 673 140 82 1000 1000 3 7 56.761345
8 92 673 140 82 1000 1000 3 7 53.465408
8 92 679 328 17 1000 1000 4 5 55.404289
8 92 679 328 15 1000 1000 4 5 54.829983
8 92 679 328 20 1000 1000 4 5 55.955105
8 92 679 328 14 1000 1000 4 5 58.123039
8 92 679 328 19 1000 1000 4 5 55.236832
8 92 679 328 19 1000 1000 4 6 55.579231
8 92 679 328 19 1000 1000 4 6 54.834560
8 92 679 328 15 1000 1000 4 6 56.153694
8 92 679 328 18 1000 1000 4 6 56.403103
8 92 679 328 17 1000 1000 4 6 57.732990
8 92 679 328 15 1000 1000 4 7 55.066399
8 92 679 328 18 1000 1000 4 7 53.467648
8 92 679 328 18 1000 1000 4 7 55.454079
8 92 679 328 16 1000 1000 4 7 58.252670
8 92 679 328 17 1000 1000 4 7 53.975105
8 92 679 414 0 1000 1000 5 6 60.951874
8 92 679 414 0 1000 1000 5 6 61.199936
8 92 679 414 0 1000 1000 5 6 60.998592
8 92 679 414 0 1000 1000 5 6 61.268799
8 92 679 414 0 1000 1000 5 6 61.659008
8 92 679 414 1 1000 1000 5 7 59.046593
8 92 679 414 1 1000 1000 5 7 61.391106
8 92 679 414 1 1000 1000 5 7 60.469120
8 92 679 414 1 1000 1000 5 7 59.522144
8 92 679 414 1 1000 1000 5 7 62.025375
8 92 681 414 1 1000 1000 6 7 61.160992
8 92 681 414 1 1000 1000 6 7 60.388832
8 92 681 414 1 1000 1000 6 7 60.079807
8 92 681 414 1 1000 1000 6 7 58.851200
8 92 681 414 1 1000 1000 6 7 61.810528
