NQUEEN SOLUTIONS NODES BLOCKUSED QUEUEUSED MAXBLOCK MAXQUEUE L1 L2 TIME
8 92 673 1 7 5000 10 0 1 393.555237
8 92 673 1 7 5000 10 0 1 374.958740
8 92 673 1 7 5000 10 0 1 387.365692
8 92 673 1 7 5000 10 0 1 421.743927
8 92 673 1 7 5000 10 0 1 396.484650
8 92 673 1 7 5000 10 0 2 391.237091
8 92 673 1 7 5000 10 0 2 389.528107
8 92 673 1 7 5000 10 0 2 403.510742
8 92 673 1 7 5000 10 0 2 397.504089
8 92 673 1 7 5000 10 0 2 374.841095
8 92 673 1 7 5000 10 0 3 405.265198
8 92 673 1 7 5000 10 0 3 402.004822
8 92 673 1 7 5000 10 0 3 382.047150
8 92 673 1 7 5000 10 0 3 385.228546
8 92 673 1 7 5000 10 0 3 406.626282
8 92 673 1 7 5000 10 0 4 406.351990
8 92 673 1 7 5000 10 0 4 423.058868
8 92 673 1 7 5000 10 0 4 398.858154
8 92 673 1 7 5000 10 0 4 398.370300
8 92 673 1 7 5000 10 0 4 411.089905
8 92 673 1 7 5000 10 0 5 386.749634
8 92 673 1 7 5000 10 0 5 396.880371
8 92 673 1 7 5000 10 0 5 403.523041
8 92 673 1 7 5000 10 0 5 410.582581
8 92 673 1 7 5000 10 0 5 382.856628
8 92 673 1 7 5000 10 0 6 387.781464
8 92 673 1 7 5000 10 0 6 405.657806
8 92 673 1 7 5000 10 0 6 442.761566
8 92 673 1 7 5000 10 0 6 389.857056
8 92 673 1 7 5000 10 0 6 396.133240
8 92 673 1 7 5000 10 0 7 385.101501
8 92 673 1 7 5000 10 0 7 422.371918
8 92 673 1 7 5000 10 0 7 377.334351
8 92 673 1 7 5000 10 0 7 393.430878
8 92 673 1 7 5000 10 0 7 407.411621
8 92 673 8 10 5000 10 1 2 149.046631
8 92 673 8 10 5000 10 1 2 136.883484
8 92 673 8 10 5000 10 1 2 137.498947
8 92 673 8 5 5000 10 1 2 176.525146
8 92 673 8 10 5000 10 1 2 137.727417
8 92 673 8 10 5000 10 1 3 138.925766
8 92 673 8 5 5000 10 1 3 156.847198
8 92 673 8 10 5000 10 1 3 143.949722
8 92 673 8 5 5000 10 1 3 148.989990
8 92 673 8 10 5000 10 1 3 143.008514
8 92 673 8 5 5000 10 1 4 152.534149
8 92 673 8 5 5000 10 1 4 142.905533
8 92 673 8 5 5000 10 1 4 160.114502
8 92 673 8 5 5000 10 1 4 153.393478
8 92 673 8 10 5000 10 1 4 154.168442
8 92 673 8 10 5000 10 1 5 143.828262
8 92 673 8 10 5000 10 1 5 150.689728
8 92 673 8 5 5000 10 1 5 146.773087
8 92 673 8 5 5000 10 1 5 141.156219
8 92 673 8 10 5000 10 1 5 158.004349
8 92 673 8 10 5000 10 1 6 155.961243
8 92 673 8 6 5000 10 1 6 153.983810
8 92 673 8 5 5000 10 1 6 150.995193
8 92 673 8 10 5000 10 1 6 152.858521
8 92 673 8 10 5000 10 1 6 148.965637
8 92 673 8 10 5000 10 1 7 156.269058
8 92 673 8 10 5000 10 1 7 144.055038
8 92 673 8 6 5000 10 1 7 140.627716
8 92 673 8 5 5000 10 1 7 152.482727
8 92 673 8 10 5000 10 1 7 148.988770
8 92 673 42 7 5000 10 2 3 75.269180
8 92 673 42 8 5000 10 2 3 76.547394
8 92 673 42 10 5000 10 2 3 77.269310
8 92 673 42 9 5000 10 2 3 69.595070
8 92 673 42 9 5000 10 2 3 84.421219
8 92 673 42 7 5000 10 2 4 78.511009
8 92 673 42 10 5000 10 2 4 77.845184
8 92 673 42 6 5000 10 2 4 80.064445
8 92 673 42 10 5000 10 2 4 72.883133
8 92 673 42 10 5000 10 2 4 79.207268
8 92 673 42 7 5000 10 2 5 78.884956
8 92 673 42 5 5000 10 2 5 76.165955
8 92 673 42 6 5000 10 2 5 79.406464
8 92 673 42 7 5000 10 2 5 74.714653
8 92 673 42 8 5000 10 2 5 78.580093
8 92 673 42 8 5000 10 2 6 77.321312
8 92 673 42 9 5000 10 2 6 76.204674
8 92 673 42 6 5000 10 2 6 74.630333
8 92 673 42 8 5000 10 2 6 79.984863
8 92 673 42 10 5000 10 2 6 71.617119
8 92 673 42 6 5000 10 2 7 73.260002
8 92 673 42 5 5000 10 2 7 76.694206
8 92 673 42 10 5000 10 2 7 75.644608
8 92 673 42 7 5000 10 2 7 81.471169
8 92 673 42 9 5000 10 2 7 74.990723
8 92 673 140 8 5000 10 3 4 53.894016
8 92 673 140 10 5000 10 3 4 54.506783
8 92 673 140 10 5000 10 3 4 49.962814
8 92 673 140 9 5000 10 3 4 53.207294
8 92 673 140 10 5000 10 3 4 52.465023
8 92 673 140 8 5000 10 3 5 63.122112
8 92 673 140 8 5000 10 3 5 60.158146
8 92 673 140 10 5000 10 3 5 61.922176
8 92 673 140 10 5000 10 3 5 57.597599
8 92 673 140 10 5000 10 3 5 61.430847
8 92 673 140 9 5000 10 3 6 57.863041
8 92 673 140 10 5000 10 3 6 58.835457
8 92 673 140 7 5000 10 3 6 58.578560
8 92 673 140 9 5000 10 3 6 58.852097
8 92 673 140 9 5000 10 3 6 57.453602
8 92 673 140 10 5000 10 3 7 58.728767
8 92 673 140 9 5000 10 3 7 59.800159
8 92 673 140 10 5000 10 3 7 58.357216
8 92 673 140 9 5000 10 3 7 57.676224
8 92 673 140 9 5000 10 3 7 58.067905
8 92 679 328 10 5000 10 4 5 55.408703
8 92 679 328 10 5000 10 4 5 54.950817
8 92 679 328 10 5000 10 4 5 57.811134
8 92 679 328 10 5000 10 4 5 55.025505
8 92 679 328 10 5000 10 4 5 58.497025
8 92 679 328 10 5000 10 4 6 56.259136
8 92 679 328 10 5000 10 4 6 54.733856
8 92 679 328 10 5000 10 4 6 55.985439
8 92 679 328 10 5000 10 4 6 54.846111
8 92 679 328 10 5000 10 4 6 55.826401
8 92 679 328 10 5000 10 4 7 56.213154
8 92 679 328 10 5000 10 4 7 54.259296
8 92 679 328 10 5000 10 4 7 56.435650
8 92 679 328 10 5000 10 4 7 55.127522
8 92 679 328 10 5000 10 4 7 55.529377
8 92 679 414 0 5000 10 5 6 60.084225
8 92 679 414 0 5000 10 5 6 59.975071
8 92 679 414 0 5000 10 5 6 60.384064
8 92 679 414 0 5000 10 5 6 60.082943
8 92 679 414 0 5000 10 5 6 61.728958
8 92 679 414 1 5000 10 5 7 58.159328
8 92 679 414 1 5000 10 5 7 61.489407
8 92 679 414 1 5000 10 5 7 60.935936
8 92 679 414 1 5000 10 5 7 60.690048
8 92 679 414 1 5000 10 5 7 60.569984
8 92 681 414 1 5000 10 6 7 62.147423
8 92 681 414 1 5000 10 6 7 59.914337
8 92 681 414 1 5000 10 6 7 60.992126
8 92 681 414 1 5000 10 6 7 60.331295
8 92 681 414 1 5000 10 6 7 62.296864
