4 2 9 1 0 1 0 0 0 3.036352
4 2 9 1 0 1 0 0 0 3.027104
4 2 9 1 0 1 0 0 0 3.024960
4 2 9 1 0 1 0 0 0 3.022976
4 2 9 1 0 1 0 0 0 3.025888
5 10 22 1 0 1 0 0 0 8.435840
5 10 22 1 0 1 0 0 0 8.428576
5 10 22 1 0 1 0 0 0 8.434720
5 10 22 1 0 1 0 0 0 8.596800
5 10 22 1 0 1 0 0 0 8.456160
6 4 67 1 0 1 0 0 0 23.172129
6 4 67 1 0 1 0 0 0 23.218945
6 4 67 1 0 1 0 0 0 23.192575
6 4 67 1 0 1 0 0 0 23.317728
6 4 67 1 0 1 0 0 0 23.368223
7 40 182 1 0 1 0 0 0 70.324097
7 40 182 1 0 1 0 0 0 66.813309
7 40 182 1 0 1 0 0 0 66.619804
7 40 182 1 0 1 0 0 0 66.895073
7 40 182 1 0 1 0 0 0 66.735519
8 92 673 1 0 1 0 0 0 252.801147
8 92 673 1 0 1 0 0 0 229.888702
8 92 673 1 0 1 0 0 0 228.950974
8 92 673 1 0 1 0 0 0 229.020218
8 92 673 1 0 1 0 0 0 228.978012
9 352 2658 1 0 1 0 0 0 945.565979
9 352 2658 1 0 1 0 0 0 945.544250
9 352 2658 1 0 1 0 0 0 945.757141
9 352 2658 1 0 1 0 0 0 946.058533
9 352 2658 1 0 1 0 0 0 946.145935
10 724 10675 1 0 1 0 0 0 3887.370850
10 724 10675 1 0 1 0 0 0 3890.449219
10 724 10675 1 0 1 0 0 0 3893.334473
10 724 10675 1 0 1 0 0 0 3895.931152
10 724 10675 1 0 1 0 0 0 3900.032715
11 2680 47888 1 0 1 0 0 0 18135.738281
11 2680 47888 1 0 1 0 0 0 18149.400391
11 2680 47888 1 0 1 0 0 0 18155.416016
11 2680 47888 1 0 1 0 0 0 18150.833984
11 2680 47888 1 0 1 0 0 0 18149.646484
12 14200 234433 1 0 1 0 0 0 92533.195312
12 14200 234433 1 0 1 0 0 0 92538.375000
12 14200 234433 1 0 1 0 0 0 92554.625000
12 14200 234433 1 0 1 0 0 0 92536.617188
12 14200 234433 1 0 1 0 0 0 92552.406250
