4 2 9 4 2 60000 60000 1 3 3.067104
4 2 9 4 2 60000 60000 1 3 2.788832
4 2 9 4 2 60000 60000 1 3 2.932032
4 2 9 4 2 60000 60000 1 3 2.870048
4 2 9 4 2 60000 60000 1 3 2.836608
5 10 22 5 8 60000 60000 1 3 6.000064
5 10 22 5 8 60000 60000 1 3 6.493824
5 10 22 5 8 60000 60000 1 3 5.440896
5 10 22 5 8 60000 60000 1 3 5.883968
5 10 22 5 8 60000 60000 1 3 6.053024
6 4 67 6 16 60000 60000 1 3 18.640673
6 4 67 6 16 60000 60000 1 3 19.368576
6 4 67 6 16 60000 60000 1 3 17.805248
6 4 67 6 16 60000 60000 1 3 18.022911
6 4 67 6 16 60000 60000 1 3 17.995424
7 40 182 30 31 60000 60000 2 4 29.115871
7 40 182 30 31 60000 60000 2 4 25.192513
7 40 182 30 31 60000 60000 2 4 25.824640
7 40 182 30 30 60000 60000 2 4 26.172544
7 40 182 30 32 60000 60000 2 4 27.487680
8 92 673 8 67 60000 60000 1 6 47.477631
8 92 673 8 64 60000 60000 1 6 69.592896
8 92 673 8 64 60000 60000 1 6 47.321442
8 92 673 8 64 60000 60000 1 6 53.398624
8 92 673 8 68 60000 60000 1 6 47.333599
9 352 2658 234 163 60000 60000 3 6 176.381500
9 352 2658 234 172 60000 60000 3 6 166.136871
9 352 2658 234 150 60000 60000 3 6 157.902878
9 352 2658 234 155 60000 60000 3 6 150.350723
9 352 2658 234 167 60000 60000 3 6 160.269318
10 724 10675 364 332 60000 60000 3 7 643.002014
10 724 10675 364 358 60000 60000 3 7 648.143433
10 724 10675 364 323 60000 60000 3 7 664.394836
10 724 10675 364 335 60000 60000 3 7 657.329468
10 724 10675 364 314 60000 60000 3 7 620.706055
11 2680 47888 2468 308 60000 60000 4 8 2113.463135
11 2680 47888 2468 408 60000 60000 4 8 2216.602295
11 2680 47888 2468 302 60000 60000 4 8 2155.587646
11 2680 47888 2468 322 60000 60000 4 8 2174.857422
11 2680 47888 2468 365 60000 60000 4 8 2250.522217
12 14200 234433 4080 574 60000 60000 4 9 10790.735352
12 14200 234433 4080 581 60000 60000 4 9 10527.085938
12 14200 234433 4080 612 60000 60000 4 9 10602.728516
12 14200 234433 4080 578 60000 60000 4 9 10786.708984
12 14200 234433 4080 577 60000 60000 4 9 10719.933594

