4 2 9 4 2 60000 60000 1 3 1.724128
4 2 9 4 2 60000 60000 1 3 1.727616
4 2 9 4 2 60000 60000 1 3 1.726816
4 2 9 4 2 60000 60000 1 3 1.726016
4 2 9 4 2 60000 60000 1 3 1.724864
5 10 22 5 7 60000 60000 1 3 2.714880
5 10 22 5 7 60000 60000 1 3 2.710080
5 10 22 5 7 60000 60000 1 3 2.742656
5 10 22 5 7 60000 60000 1 3 2.727712
5 10 22 5 7 60000 60000 1 3 2.740064
6 4 67 6 17 60000 60000 1 5 6.895872
6 4 67 6 17 60000 60000 1 5 8.201664
6 4 67 6 17 60000 60000 1 5 6.922432
6 4 67 6 17 60000 60000 1 5 6.922752
6 4 67 6 17 60000 60000 1 5 8.193312
7 40 182 30 23 60000 60000 2 6 10.486912
7 40 182 30 23 60000 60000 2 6 10.881376
7 40 182 30 23 60000 60000 2 6 10.315328
7 40 182 30 23 60000 60000 2 6 10.765024
7 40 182 30 23 60000 60000 2 6 10.237248
8 92 673 140 22 60000 60000 3 6 28.697920
8 92 673 140 27 60000 60000 3 6 27.574017
8 92 673 140 24 60000 60000 3 6 28.074976
8 92 673 140 23 60000 60000 3 6 27.785952
8 92 673 140 20 60000 60000 3 6 27.900896
9 352 2658 234 47 60000 60000 3 6 98.979935
9 352 2658 234 46 60000 60000 3 6 89.767326
9 352 2658 234 45 60000 60000 3 6 87.900452
9 352 2658 234 42 60000 60000 3 6 84.250877
9 352 2658 234 42 60000 60000 3 6 84.149635
10 724 10675 364 92 60000 60000 3 7 348.123352
10 724 10675 364 90 60000 60000 3 7 339.058746
10 724 10675 364 83 60000 60000 3 7 333.963196
10 724 10675 364 88 60000 60000 3 7 340.924103
10 724 10675 364 96 60000 60000 3 7 343.634735
11 2680 47888 2468 74 60000 60000 4 8 1401.786377
11 2680 47888 2468 82 60000 60000 4 8 1398.584229
11 2680 47888 2468 78 60000 60000 4 8 1410.518433
11 2680 47888 2468 77 60000 60000 4 8 1408.568970
11 2680 47888 2468 85 60000 60000 4 8 1407.000000
12 14200 234433 4080 172 60000 60000 4 9 7232.578125
12 14200 234433 4080 196 60000 60000 4 9 7288.593750
12 14200 234433 4080 165 60000 60000 4 9 7272.878418
12 14200 234433 4080 186 60000 60000 4 9 7211.857422
12 14200 234433 4080 185 60000 60000 4 9 7279.703613

