NQUEEN SOLUTIONS NODES BLOCKUSED QUEUEUSED MAXBLOCK MAXQUEUE L1 L2 TIME
8 92 673 1 0 1000 0 0 0 393.942474
8 92 673 1 0 1000 0 0 0 387.404663
8 92 673 1 0 1000 0 0 0 375.087128
8 92 673 1 0 1000 0 0 0 397.837677
8 92 673 1 0 1000 0 0 0 376.587646
8 92 673 1 0 1000 0 0 1 368.208557
8 92 673 1 0 1000 0 0 1 374.580292
8 92 673 1 0 1000 0 0 1 388.121887
8 92 673 1 0 1000 0 0 1 398.226776
8 92 673 1 0 1000 0 0 1 449.464935
8 92 673 1 0 1000 0 0 2 374.722076
8 92 673 1 0 1000 0 0 2 377.132477
8 92 673 1 0 1000 0 0 2 400.560791
8 92 673 1 0 1000 0 0 2 371.256256
8 92 673 1 0 1000 0 0 2 376.714172
8 92 673 1 0 1000 0 0 3 399.111938
8 92 673 1 0 1000 0 0 3 388.594757
8 92 673 1 0 1000 0 0 3 390.510925
8 92 673 1 0 1000 0 0 3 403.102661
8 92 673 1 0 1000 0 0 3 396.795990
8 92 673 1 0 1000 0 0 4 370.810577
8 92 673 1 0 1000 0 0 4 372.818634
8 92 673 1 0 1000 0 0 4 375.687775
8 92 673 1 0 1000 0 0 4 398.313416
8 92 673 1 0 1000 0 0 4 376.173737
8 92 673 1 0 1000 0 0 5 406.064453
8 92 673 1 0 1000 0 0 5 393.407654
8 92 673 1 0 1000 0 0 5 430.560730
8 92 673 1 0 1000 0 0 5 367.268372
8 92 673 1 0 1000 0 0 5 347.871063
8 92 673 1 0 1000 0 0 6 423.387878
8 92 673 1 0 1000 0 0 6 372.244781
8 92 673 1 0 1000 0 0 6 371.930847
8 92 673 1 0 1000 0 0 6 373.543579
8 92 673 1 0 1000 0 0 6 401.920410
8 92 673 1 0 1000 0 0 7 403.237732
8 92 673 1 0 1000 0 0 7 396.352631
8 92 673 1 0 1000 0 0 7 362.016174
8 92 673 1 0 1000 0 0 7 383.561066
8 92 673 1 0 1000 0 0 7 361.079681
8 92 673 8 0 1000 0 1 1 149.101120
8 92 673 8 0 1000 0 1 1 142.699005
8 92 673 8 0 1000 0 1 1 153.308929
8 92 673 8 0 1000 0 1 1 139.765762
8 92 673 8 0 1000 0 1 1 140.276352
8 92 673 8 0 1000 0 1 2 140.679581
8 92 673 8 0 1000 0 1 2 148.164673
8 92 673 8 0 1000 0 1 2 137.698242
8 92 673 8 0 1000 0 1 2 142.641830
8 92 673 8 0 1000 0 1 2 139.005249
8 92 673 8 0 1000 0 1 3 139.829727
8 92 673 8 0 1000 0 1 3 153.827744
8 92 673 8 0 1000 0 1 3 139.873154
8 92 673 8 0 1000 0 1 3 151.278244
8 92 673 8 0 1000 0 1 3 143.392639
8 92 673 8 0 1000 0 1 4 138.941315
8 92 673 8 0 1000 0 1 4 146.556992
8 92 673 8 0 1000 0 1 4 141.835327
8 92 673 8 0 1000 0 1 4 149.803009
8 92 673 8 0 1000 0 1 4 143.188324
8 92 673 8 0 1000 0 1 5 141.965988
8 92 673 8 0 1000 0 1 5 149.808441
8 92 673 8 0 1000 0 1 5 139.526276
8 92 673 8 0 1000 0 1 5 152.414078
8 92 673 8 0 1000 0 1 5 138.922119
8 92 673 8 0 1000 0 1 6 141.514969
8 92 673 8 0 1000 0 1 6 146.635040
8 92 673 8 0 1000 0 1 6 139.352356
8 92 673 8 0 1000 0 1 6 141.444870
8 92 673 8 0 1000 0 1 6 155.628479
8 92 673 8 0 1000 0 1 7 158.312988
8 92 673 8 0 1000 0 1 7 134.678619
8 92 673 8 0 1000 0 1 7 134.591354
8 92 673 8 0 1000 0 1 7 150.853928
8 92 673 8 0 1000 0 1 7 138.982010
8 92 673 42 0 1000 0 2 2 79.662079
8 92 673 42 0 1000 0 2 2 74.665184
8 92 673 42 0 1000 0 2 2 75.112381
8 92 673 42 0 1000 0 2 2 70.757538
8 92 673 42 0 1000 0 2 2 75.471008
8 92 673 42 0 1000 0 2 3 75.189857
8 92 673 42 0 1000 0 2 3 72.444733
8 92 673 42 0 1000 0 2 3 83.052483
8 92 673 42 0 1000 0 2 3 76.059555
8 92 673 42 0 1000 0 2 3 74.315201
8 92 673 42 0 1000 0 2 4 75.344803
8 92 673 42 0 1000 0 2 4 87.572639
8 92 673 42 0 1000 0 2 4 75.215424
8 92 673 42 0 1000 0 2 4 71.553535
8 92 673 42 0 1000 0 2 4 74.365440
8 92 673 42 0 1000 0 2 5 74.027069
8 92 673 42 0 1000 0 2 5 72.046211
8 92 673 42 0 1000 0 2 5 71.462433
8 92 673 42 0 1000 0 2 5 74.068161
8 92 673 42 0 1000 0 2 5 72.226303
8 92 673 42 0 1000 0 2 6 72.205437
8 92 673 42 0 1000 0 2 6 73.885056
8 92 673 42 0 1000 0 2 6 72.334625
8 92 673 42 0 1000 0 2 6 74.114082
8 92 673 42 0 1000 0 2 6 72.444611
8 92 673 42 0 1000 0 2 7 72.772385
8 92 673 42 0 1000 0 2 7 71.232834
8 92 673 42 0 1000 0 2 7 76.765312
8 92 673 42 0 1000 0 2 7 75.856735
8 92 673 42 0 1000 0 2 7 71.038399
8 92 673 140 0 1000 0 3 3 51.190208
8 92 673 140 0 1000 0 3 3 51.119617
8 92 673 140 0 1000 0 3 3 47.923328
8 92 673 140 0 1000 0 3 3 48.374207
8 92 673 140 0 1000 0 3 3 48.441090
8 92 673 140 0 1000 0 3 4 57.542881
8 92 673 140 0 1000 0 3 4 61.156799
8 92 673 140 0 1000 0 3 4 57.467041
8 92 673 140 0 1000 0 3 4 58.951935
8 92 673 140 0 1000 0 3 4 61.759583
8 92 673 140 0 1000 0 3 5 56.325504
8 92 673 140 0 1000 0 3 5 65.666908
8 92 673 140 0 1000 0 3 5 61.409153
8 92 673 140 0 1000 0 3 5 57.445122
8 92 673 140 0 1000 0 3 5 55.289886
8 92 673 140 0 1000 0 3 6 57.037537
8 92 673 140 0 1000 0 3 6 56.937344
8 92 673 140 0 1000 0 3 6 56.605537
8 92 673 140 0 1000 0 3 6 58.628735
8 92 673 140 0 1000 0 3 6 75.111618
8 92 673 140 0 1000 0 3 7 51.635231
8 92 673 140 0 1000 0 3 7 50.641792
8 92 673 140 0 1000 0 3 7 50.252575
8 92 673 140 0 1000 0 3 7 49.443520
8 92 673 140 0 1000 0 3 7 52.097248
8 92 679 328 0 1000 0 4 4 52.911488
8 92 679 328 0 1000 0 4 4 52.311905
8 92 679 328 0 1000 0 4 4 53.597534
8 92 679 328 0 1000 0 4 4 56.650177
8 92 679 328 0 1000 0 4 4 52.746559
8 92 679 328 0 1000 0 4 5 53.228958
8 92 679 328 0 1000 0 4 5 53.384991
8 92 679 328 0 1000 0 4 5 53.460480
8 92 679 328 0 1000 0 4 5 53.740448
8 92 679 328 0 1000 0 4 5 52.625568
8 92 679 328 0 1000 0 4 6 54.027615
8 92 679 328 0 1000 0 4 6 53.494530
8 92 679 328 0 1000 0 4 6 53.667934
8 92 679 328 0 1000 0 4 6 54.303936
8 92 679 328 0 1000 0 4 6 53.824703
8 92 679 328 0 1000 0 4 7 53.422657
8 92 679 328 0 1000 0 4 7 54.001953
8 92 679 328 0 1000 0 4 7 53.580257
8 92 679 328 0 1000 0 4 7 53.972000
8 92 679 328 0 1000 0 4 7 65.289505
8 92 679 414 0 1000 0 5 5 53.272671
8 92 679 414 0 1000 0 5 5 55.877441
8 92 679 414 0 1000 0 5 5 56.076992
8 92 679 414 0 1000 0 5 5 54.671455
8 92 679 414 0 1000 0 5 5 53.689472
8 92 679 414 0 1000 0 5 6 54.083614
8 92 679 414 0 1000 0 5 6 54.699009
8 92 679 414 0 1000 0 5 6 54.938786
8 92 679 414 0 1000 0 5 6 54.338657
8 92 679 414 0 1000 0 5 6 54.335968
8 92 679 414 0 1000 0 5 7 55.075008
8 92 679 414 0 1000 0 5 7 53.444031
8 92 679 414 0 1000 0 5 7 54.812191
8 92 679 414 0 1000 0 5 7 56.221951
8 92 679 414 0 1000 0 5 7 54.147327
8 92 681 414 0 1000 0 6 6 55.433086
8 92 681 414 0 1000 0 6 6 54.533730
8 92 681 414 0 1000 0 6 6 55.700001
8 92 681 414 0 1000 0 6 6 54.535839
8 92 681 414 0 1000 0 6 6 54.934559
8 92 681 414 0 1000 0 6 7 56.907616
8 92 681 414 0 1000 0 6 7 54.007874
8 92 681 414 0 1000 0 6 7 55.135841
8 92 681 414 0 1000 0 6 7 53.733727
8 92 681 414 0 1000 0 6 7 55.111168
8 92 681 416 0 1000 0 7 7 56.882175
8 92 681 416 0 1000 0 7 7 54.033344
8 92 681 416 0 1000 0 7 7 55.777248
8 92 681 416 0 1000 0 7 7 54.383839
8 92 681 416 0 1000 0 7 7 54.483009
