NQUEEN SOLUTIONS NODES BLOCKUSED QUEUEUSED MAXBLOCK MAXQUEUE L1 L2 TIME
10 724 10675 1 0 60000 0 0 1 6204.216797
10 724 10675 1 0 60000 0 0 1 6467.790527
10 724 10675 1 0 60000 0 0 1 6117.786621
10 724 10675 1 0 60000 0 0 1 6761.023438
10 724 10675 1 0 60000 0 0 1 6581.604980
10 724 10675 1 0 60000 0 0 2 6585.404297
10 724 10675 1 0 60000 0 0 2 6525.503906
10 724 10675 1 0 60000 0 0 2 6372.597168
10 724 10675 1 0 60000 0 0 2 6318.698730
10 724 10675 1 0 60000 0 0 2 6221.813965
10 724 10675 1 0 60000 0 0 3 6239.800293
10 724 10675 1 0 60000 0 0 3 6769.240234
10 724 10675 1 0 60000 0 0 3 6714.333496
10 724 10675 1 0 60000 0 0 3 6294.809570
10 724 10675 1 0 60000 0 0 3 6755.330566
10 724 10675 1 0 60000 0 0 4 6287.696777
10 724 10675 1 0 60000 0 0 4 6724.768066
10 724 10675 1 0 60000 0 0 4 6867.958984
10 724 10675 1 0 60000 0 0 4 6438.119141
10 724 10675 1 0 60000 0 0 4 6552.136230
10 724 10675 1 0 60000 0 0 5 6003.773438
10 724 10675 1 0 60000 0 0 5 6298.439941
10 724 10675 1 0 60000 0 0 5 6417.367676
10 724 10675 1 0 60000 0 0 5 6709.738281
10 724 10675 1 0 60000 0 0 5 6379.256348
10 724 10675 1 0 60000 0 0 6 6456.293457
10 724 10675 1 0 60000 0 0 6 6546.602051
10 724 10675 1 0 60000 0 0 6 6451.729004
10 724 10675 1 0 60000 0 0 6 6481.206055
10 724 10675 1 0 60000 0 0 6 6232.259766
10 724 10675 1 0 60000 0 0 7 6278.981445
10 724 10675 1 0 60000 0 0 7 6266.998535
10 724 10675 1 0 60000 0 0 7 6737.478027
10 724 10675 1 0 60000 0 0 7 6314.291504
10 724 10675 1 0 60000 0 0 7 6228.162109
10 724 10675 1 0 60000 0 0 8 6499.710449
10 724 10675 1 0 60000 0 0 8 6622.855957
10 724 10675 1 0 60000 0 0 8 6320.968750
10 724 10675 1 0 60000 0 0 8 6406.156738
10 724 10675 1 0 60000 0 0 8 6650.557129
10 724 10675 1 0 60000 0 0 9 6170.737305
10 724 10675 1 0 60000 0 0 9 6814.179688
10 724 10675 1 0 60000 0 0 9 6371.318359
10 724 10675 1 0 60000 0 0 9 6069.395508
10 724 10675 1 0 60000 0 0 9 6988.907715
10 724 10675 10 0 60000 0 1 2 2424.331055
10 724 10675 10 0 60000 0 1 2 2437.925537
10 724 10675 10 0 60000 0 1 2 2508.337891
10 724 10675 10 0 60000 0 1 2 2440.835449
10 724 10675 10 0 60000 0 1 2 2548.785645
10 724 10675 10 0 60000 0 1 3 2458.311035
10 724 10675 10 0 60000 0 1 3 2425.330566
10 724 10675 10 0 60000 0 1 3 2495.378906
10 724 10675 10 0 60000 0 1 3 2494.754150
10 724 10675 10 0 60000 0 1 3 2657.115723
10 724 10675 10 0 60000 0 1 4 2431.362793
10 724 10675 10 0 60000 0 1 4 2653.425049
10 724 10675 10 0 60000 0 1 4 2453.572021
10 724 10675 10 0 60000 0 1 4 2708.610352
10 724 10675 10 0 60000 0 1 4 2513.422852
10 724 10675 10 0 60000 0 1 5 2504.744141
10 724 10675 10 0 60000 0 1 5 2447.521484
10 724 10675 10 0 60000 0 1 5 2587.630615
10 724 10675 10 0 60000 0 1 5 2551.511230
10 724 10675 10 0 60000 0 1 5 2395.500977
10 724 10675 10 0 60000 0 1 6 2618.017090
10 724 10675 10 0 60000 0 1 6 2389.604248
10 724 10675 10 0 60000 0 1 6 2457.996094
10 724 10675 10 0 60000 0 1 6 2563.651611
10 724 10675 10 0 60000 0 1 6 2426.269287
10 724 10675 10 0 60000 0 1 7 2618.536621
10 724 10675 10 0 60000 0 1 7 2507.200195
10 724 10675 10 0 60000 0 1 7 2655.616699
10 724 10675 10 0 60000 0 1 7 2658.621582
10 724 10675 10 0 60000 0 1 7 2539.174805
10 724 10675 10 0 60000 0 1 8 2508.414795
10 724 10675 10 0 60000 0 1 8 2526.283691
10 724 10675 10 0 60000 0 1 8 2693.268799
10 724 10675 10 0 60000 0 1 8 2448.936768
10 724 10675 10 0 60000 0 1 8 2573.145996
10 724 10675 10 0 60000 0 1 9 2436.222900
10 724 10675 10 0 60000 0 1 9 2401.832764
10 724 10675 10 0 60000 0 1 9 2581.782715
10 724 10675 10 0 60000 0 1 9 2489.887939
10 724 10675 10 0 60000 0 1 9 2598.902344
10 724 10675 72 0 60000 0 2 3 1094.237183
10 724 10675 72 0 60000 0 2 3 1097.193359
10 724 10675 72 0 60000 0 2 3 1113.766113
10 724 10675 72 0 60000 0 2 3 1099.281006
10 724 10675 72 0 60000 0 2 3 1119.067017
10 724 10675 72 0 60000 0 2 4 1107.594238
10 724 10675 72 0 60000 0 2 4 1105.548828
10 724 10675 72 0 60000 0 2 4 1080.625977
10 724 10675 72 0 60000 0 2 4 1083.174438
10 724 10675 72 0 60000 0 2 4 1063.732788
10 724 10675 72 0 60000 0 2 5 1122.315186
10 724 10675 72 0 60000 0 2 5 1079.733521
10 724 10675 72 0 60000 0 2 5 1095.352173
10 724 10675 72 0 60000 0 2 5 1118.686157
10 724 10675 72 0 60000 0 2 5 1082.899780
10 724 10675 72 0 60000 0 2 6 1045.553833
10 724 10675 72 0 60000 0 2 6 1098.394409
10 724 10675 72 0 60000 0 2 6 1086.501465
10 724 10675 72 0 60000 0 2 6 1083.112305
10 724 10675 72 0 60000 0 2 6 1076.820557
10 724 10675 72 0 60000 0 2 7 1072.054688
10 724 10675 72 0 60000 0 2 7 1056.229858
10 724 10675 72 0 60000 0 2 7 1091.615112
10 724 10675 72 0 60000 0 2 7 1118.829102
10 724 10675 72 0 60000 0 2 7 1085.835815
10 724 10675 72 0 60000 0 2 8 1123.674438
10 724 10675 72 0 60000 0 2 8 1065.903442
10 724 10675 72 0 60000 0 2 8 1095.255127
10 724 10675 72 0 60000 0 2 8 1075.883911
10 724 10675 72 0 60000 0 2 8 1178.693970
10 724 10675 72 0 60000 0 2 9 1147.808228
10 724 10675 72 0 60000 0 2 9 1071.021362
10 724 10675 72 0 60000 0 2 9 1086.699219
10 724 10675 72 0 60000 0 2 9 1068.584106
10 724 10675 72 0 60000 0 2 9 1047.315430
10 724 10675 364 0 60000 0 3 4 596.737244
10 724 10675 364 0 60000 0 3 4 618.454224
10 724 10675 364 0 60000 0 3 4 604.143555
10 724 10675 364 0 60000 0 3 4 599.731567
10 724 10675 364 0 60000 0 3 4 617.969971
10 724 10675 364 0 60000 0 3 5 596.328979
10 724 10675 364 0 60000 0 3 5 618.921387
10 724 10675 364 0 60000 0 3 5 607.575439
10 724 10675 364 0 60000 0 3 5 605.507751
10 724 10675 364 0 60000 0 3 5 618.576416
10 724 10675 364 0 60000 0 3 6 601.258179
10 724 10675 364 0 60000 0 3 6 625.290833
10 724 10675 364 0 60000 0 3 6 604.292908
10 724 10675 364 0 60000 0 3 6 624.052246
10 724 10675 364 0 60000 0 3 6 617.016663
10 724 10675 364 0 60000 0 3 7 596.204041
10 724 10675 364 0 60000 0 3 7 622.591675
10 724 10675 364 0 60000 0 3 7 592.658691
10 724 10675 364 0 60000 0 3 7 623.515686
10 724 10675 364 0 60000 0 3 7 619.498657
10 724 10675 364 0 60000 0 3 8 621.270203
10 724 10675 364 0 60000 0 3 8 609.192810
10 724 10675 364 0 60000 0 3 8 594.945923
10 724 10675 364 0 60000 0 3 8 612.056335
10 724 10675 364 0 60000 0 3 8 609.497437
10 724 10675 364 0 60000 0 3 9 610.660400
10 724 10675 364 0 60000 0 3 9 601.888916
10 724 10675 364 0 60000 0 3 9 594.753052
10 724 10675 364 0 60000 0 3 9 614.811951
10 724 10675 364 0 60000 0 3 9 618.918579
10 724 10675 1400 0 60000 0 4 5 535.285706
10 724 10675 1400 0 60000 0 4 5 544.391907
10 724 10675 1400 0 60000 0 4 5 538.834595
10 724 10675 1400 0 60000 0 4 5 536.565857
10 724 10675 1400 0 60000 0 4 5 530.313965
10 724 10675 1400 0 60000 0 4 6 523.947449
10 724 10675 1400 0 60000 0 4 6 529.058960
10 724 10675 1400 0 60000 0 4 6 536.339783
10 724 10675 1400 0 60000 0 4 6 532.112488
10 724 10675 1400 0 60000 0 4 6 550.996460
10 724 10675 1400 0 60000 0 4 7 529.742432
10 724 10675 1400 0 60000 0 4 7 529.733093
10 724 10675 1400 0 60000 0 4 7 529.597961
10 724 10675 1400 0 60000 0 4 7 536.626221
10 724 10675 1400 0 60000 0 4 7 538.036804
10 724 10675 1400 0 60000 0 4 8 532.945251
10 724 10675 1400 0 60000 0 4 8 530.626343
10 724 10675 1400 0 60000 0 4 8 529.993835
10 724 10675 1400 0 60000 0 4 8 534.521912
10 724 10675 1400 0 60000 0 4 8 528.432739
10 724 10675 1400 0 60000 0 4 9 527.958740
10 724 10675 1400 0 60000 0 4 9 534.927368
10 724 10675 1400 0 60000 0 4 9 525.947754
10 724 10675 1400 0 60000 0 4 9 535.954651
10 724 10675 1400 0 60000 0 4 9 533.176697
10 724 10721 3784 0 60000 0 5 6 599.113770
10 724 10721 3784 0 60000 0 5 6 613.440552
10 724 10721 3784 0 60000 0 5 6 606.684143
10 724 10721 3784 0 60000 0 5 6 611.115051
10 724 10721 3784 0 60000 0 5 6 606.005676
10 724 10721 3784 0 60000 0 5 7 606.072083
10 724 10721 3784 0 60000 0 5 7 610.396362
10 724 10721 3784 0 60000 0 5 7 608.570435
10 724 10721 3784 0 60000 0 5 7 608.429443
10 724 10721 3784 0 60000 0 5 7 611.231689
10 724 10721 3784 0 60000 0 5 8 604.024170
10 724 10721 3784 0 60000 0 5 8 601.712830
10 724 10721 3784 0 60000 0 5 8 607.635071
10 724 10721 3784 0 60000 0 5 8 603.642761
10 724 10721 3784 0 60000 0 5 8 604.387085
10 724 10721 3784 0 60000 0 5 9 608.423828
10 724 10721 3784 0 60000 0 5 9 601.902283
10 724 10721 3784 0 60000 0 5 9 600.790283
10 724 10721 3784 0 60000 0 5 9 600.816223
10 724 10721 3784 0 60000 0 5 9 611.140747
10 724 10843 6038 0 60000 0 6 7 727.670776
10 724 10843 6038 0 60000 0 6 7 733.421570
10 724 10843 6038 0 60000 0 6 7 726.365112
10 724 10843 6038 0 60000 0 6 7 731.240540
10 724 10843 6038 0 60000 0 6 7 734.216980
10 724 10843 6038 0 60000 0 6 8 719.627502
10 724 10843 6038 0 60000 0 6 8 715.195435
10 724 10843 6038 0 60000 0 6 8 726.348083
10 724 10843 6038 0 60000 0 6 8 723.124146
10 724 10843 6038 0 60000 0 6 8 719.310852
10 724 10843 6038 0 60000 0 6 9 733.866333
10 724 10843 6038 0 60000 0 6 9 730.424316
10 724 10843 6038 0 60000 0 6 9 722.737549
10 724 10843 6038 0 60000 0 6 9 728.034363
10 724 10843 6038 0 60000 0 6 9 714.996033
10 724 10883 6582 0 60000 0 7 8 750.554810
10 724 10883 6582 0 60000 0 7 8 748.930908
10 724 10883 6582 0 60000 0 7 8 757.148315
10 724 10883 6582 0 60000 0 7 8 752.018250
10 724 10883 6582 0 60000 0 7 8 754.412537
10 724 10883 6582 0 60000 0 7 9 749.512878
10 724 10883 6582 0 60000 0 7 9 746.478699
10 724 10883 6582 0 60000 0 7 9 757.537170
10 724 10883 6582 0 60000 0 7 9 757.589478
10 724 10883 6582 0 60000 0 7 9 755.672729
10 724 10895 6648 0 60000 0 8 9 756.105042
10 724 10895 6648 0 60000 0 8 9 758.588257
10 724 10895 6648 0 60000 0 8 9 752.209595
10 724 10895 6648 0 60000 0 8 9 754.875671
10 724 10895 6648 0 60000 0 8 9 770.901245
