NQUEEN SOLUTIONS NODES BLOCKUSED QUEUEUSED MAXBLOCK MAXQUEUE L1 L2 TIME
10 724 10675 1 0 5000 0 0 1 6207.968750
10 724 10675 1 0 5000 0 0 1 6295.521484
10 724 10675 1 0 5000 0 0 1 6354.893555
10 724 10675 1 0 5000 0 0 1 6343.488770
10 724 10675 1 0 5000 0 0 1 6141.741699
10 724 10675 1 0 5000 0 0 2 6465.479980
10 724 10675 1 0 5000 0 0 2 6747.839844
10 724 10675 1 0 5000 0 0 2 6592.861816
10 724 10675 1 0 5000 0 0 2 6814.391602
10 724 10675 1 0 5000 0 0 2 6203.416992
10 724 10675 1 0 5000 0 0 3 6830.699707
10 724 10675 1 0 5000 0 0 3 6141.778320
10 724 10675 1 0 5000 0 0 3 6432.517090
10 724 10675 1 0 5000 0 0 3 6577.792480
10 724 10675 1 0 5000 0 0 3 6189.959961
10 724 10675 1 0 5000 0 0 4 6155.951172
10 724 10675 1 0 5000 0 0 4 6322.146484
10 724 10675 1 0 5000 0 0 4 6501.416992
10 724 10675 1 0 5000 0 0 4 6868.133301
10 724 10675 1 0 5000 0 0 4 6848.137695
10 724 10675 1 0 5000 0 0 5 6744.303223
10 724 10675 1 0 5000 0 0 5 6578.042480
10 724 10675 1 0 5000 0 0 5 6475.896484
10 724 10675 1 0 5000 0 0 5 6246.809082
10 724 10675 1 0 5000 0 0 5 6538.760742
10 724 10675 1 0 5000 0 0 6 6320.109863
10 724 10675 1 0 5000 0 0 6 6046.333496
10 724 10675 1 0 5000 0 0 6 6572.627930
10 724 10675 1 0 5000 0 0 6 6144.446777
10 724 10675 1 0 5000 0 0 6 6307.330566
10 724 10675 1 0 5000 0 0 7 6401.047363
10 724 10675 1 0 5000 0 0 7 6719.064941
10 724 10675 1 0 5000 0 0 7 6097.228027
10 724 10675 1 0 5000 0 0 7 6755.763184
10 724 10675 1 0 5000 0 0 7 6313.887695
10 724 10675 1 0 5000 0 0 8 6380.500488
10 724 10675 1 0 5000 0 0 8 6824.403809
10 724 10675 1 0 5000 0 0 8 6539.676758
10 724 10675 1 0 5000 0 0 8 6431.086914
10 724 10675 1 0 5000 0 0 8 6725.754395
10 724 10675 1 0 5000 0 0 9 6689.633301
10 724 10675 1 0 5000 0 0 9 6178.581543
10 724 10675 1 0 5000 0 0 9 6401.115723
10 724 10675 1 0 5000 0 0 9 6245.539551
10 724 10675 1 0 5000 0 0 9 6460.894531
10 724 10675 10 0 5000 0 1 2 2670.600586
10 724 10675 10 0 5000 0 1 2 2677.763672
10 724 10675 10 0 5000 0 1 2 2663.425049
10 724 10675 10 0 5000 0 1 2 2592.147949
10 724 10675 10 0 5000 0 1 2 2820.296387
10 724 10675 10 0 5000 0 1 3 2847.170166
10 724 10675 10 0 5000 0 1 3 2510.627441
10 724 10675 10 0 5000 0 1 3 2857.809082
10 724 10675 10 0 5000 0 1 3 2383.763672
10 724 10675 10 0 5000 0 1 3 2504.770264
10 724 10675 10 0 5000 0 1 4 2415.104248
10 724 10675 10 0 5000 0 1 4 2557.894287
10 724 10675 10 0 5000 0 1 4 2612.673096
10 724 10675 10 0 5000 0 1 4 2483.100342
10 724 10675 10 0 5000 0 1 4 2674.190186
10 724 10675 10 0 5000 0 1 5 2510.002197
10 724 10675 10 0 5000 0 1 5 2414.938965
10 724 10675 10 0 5000 0 1 5 2459.096436
10 724 10675 10 0 5000 0 1 5 2561.318115
10 724 10675 10 0 5000 0 1 5 2639.854248
10 724 10675 10 0 5000 0 1 6 2603.673096
10 724 10675 10 0 5000 0 1 6 2424.369141
10 724 10675 10 0 5000 0 1 6 2587.520020
10 724 10675 10 0 5000 0 1 6 2666.186523
10 724 10675 10 0 5000 0 1 6 2528.717285
10 724 10675 10 0 5000 0 1 7 2643.620117
10 724 10675 10 0 5000 0 1 7 2699.211426
10 724 10675 10 0 5000 0 1 7 2699.824219
10 724 10675 10 0 5000 0 1 7 2747.214355
10 724 10675 10 0 5000 0 1 7 2641.118652
10 724 10675 10 0 5000 0 1 8 2620.926270
10 724 10675 10 0 5000 0 1 8 2711.500000
10 724 10675 10 0 5000 0 1 8 2518.697754
10 724 10675 10 0 5000 0 1 8 2562.805420
10 724 10675 10 0 5000 0 1 8 2689.951660
10 724 10675 10 0 5000 0 1 9 2672.448975
10 724 10675 10 0 5000 0 1 9 2654.497314
10 724 10675 10 0 5000 0 1 9 2846.176514
10 724 10675 10 0 5000 0 1 9 2646.857910
10 724 10675 10 0 5000 0 1 9 2623.694092
10 724 10675 72 0 5000 0 2 3 1075.795288
10 724 10675 72 0 5000 0 2 3 1096.739136
10 724 10675 72 0 5000 0 2 3 1083.717285
10 724 10675 72 0 5000 0 2 3 1116.164429
10 724 10675 72 0 5000 0 2 3 1094.396240
10 724 10675 72 0 5000 0 2 4 1108.290039
10 724 10675 72 0 5000 0 2 4 1128.066895
10 724 10675 72 0 5000 0 2 4 1088.501343
10 724 10675 72 0 5000 0 2 4 1085.359497
10 724 10675 72 0 5000 0 2 4 1103.343750
10 724 10675 72 0 5000 0 2 5 1099.039673
10 724 10675 72 0 5000 0 2 5 1072.330566
10 724 10675 72 0 5000 0 2 5 1098.300659
10 724 10675 72 0 5000 0 2 5 1114.100708
10 724 10675 72 0 5000 0 2 5 1091.949707
10 724 10675 72 0 5000 0 2 6 1060.659546
10 724 10675 72 0 5000 0 2 6 1125.749512
10 724 10675 72 0 5000 0 2 6 1093.164551
10 724 10675 72 0 5000 0 2 6 1133.941040
10 724 10675 72 0 5000 0 2 6 1113.486084
10 724 10675 72 0 5000 0 2 7 1146.275024
10 724 10675 72 0 5000 0 2 7 1092.760864
10 724 10675 72 0 5000 0 2 7 1095.157959
10 724 10675 72 0 5000 0 2 7 1141.591553
10 724 10675 72 0 5000 0 2 7 1072.615479
10 724 10675 72 0 5000 0 2 8 1106.796875
10 724 10675 72 0 5000 0 2 8 1105.438965
10 724 10675 72 0 5000 0 2 8 1078.536377
10 724 10675 72 0 5000 0 2 8 1069.744141
10 724 10675 72 0 5000 0 2 8 1104.721191
10 724 10675 72 0 5000 0 2 9 1066.183838
10 724 10675 72 0 5000 0 2 9 1094.375122
10 724 10675 72 0 5000 0 2 9 1117.358154
10 724 10675 72 0 5000 0 2 9 1057.659424
10 724 10675 72 0 5000 0 2 9 1144.138672
10 724 10675 364 0 5000 0 3 4 623.658630
10 724 10675 364 0 5000 0 3 4 615.576294
10 724 10675 364 0 5000 0 3 4 612.912048
10 724 10675 364 0 5000 0 3 4 607.878906
10 724 10675 364 0 5000 0 3 4 603.447510
10 724 10675 364 0 5000 0 3 5 615.678772
10 724 10675 364 0 5000 0 3 5 620.792053
10 724 10675 364 0 5000 0 3 5 623.990906
10 724 10675 364 0 5000 0 3 5 636.694153
10 724 10675 364 0 5000 0 3 5 602.002930
10 724 10675 364 0 5000 0 3 6 610.243408
10 724 10675 364 0 5000 0 3 6 609.498474
10 724 10675 364 0 5000 0 3 6 610.614807
10 724 10675 364 0 5000 0 3 6 617.834229
10 724 10675 364 0 5000 0 3 6 627.703064
10 724 10675 364 0 5000 0 3 7 614.207886
10 724 10675 364 0 5000 0 3 7 610.855286
10 724 10675 364 0 5000 0 3 7 602.410400
10 724 10675 364 0 5000 0 3 7 611.180481
10 724 10675 364 0 5000 0 3 7 624.702576
10 724 10675 364 0 5000 0 3 8 609.181824
10 724 10675 364 0 5000 0 3 8 627.493286
10 724 10675 364 0 5000 0 3 8 590.114990
10 724 10675 364 0 5000 0 3 8 621.418701
10 724 10675 364 0 5000 0 3 8 606.011658
10 724 10675 364 0 5000 0 3 9 600.971619
10 724 10675 364 0 5000 0 3 9 623.509583
10 724 10675 364 0 5000 0 3 9 612.206299
10 724 10675 364 0 5000 0 3 9 618.110901
10 724 10675 364 0 5000 0 3 9 621.667847
10 724 10675 1400 0 5000 0 4 5 534.931396
10 724 10675 1400 0 5000 0 4 5 524.042297
10 724 10675 1400 0 5000 0 4 5 516.344910
10 724 10675 1400 0 5000 0 4 5 536.687012
10 724 10675 1400 0 5000 0 4 5 528.137085
10 724 10675 1400 0 5000 0 4 6 526.102234
10 724 10675 1400 0 5000 0 4 6 538.597107
10 724 10675 1400 0 5000 0 4 6 528.226318
10 724 10675 1400 0 5000 0 4 6 535.699646
10 724 10675 1400 0 5000 0 4 6 520.632507
10 724 10675 1400 0 5000 0 4 7 548.684326
10 724 10675 1400 0 5000 0 4 7 540.182068
10 724 10675 1400 0 5000 0 4 7 541.214172
10 724 10675 1400 0 5000 0 4 7 538.048828
10 724 10675 1400 0 5000 0 4 7 530.139465
10 724 10675 1400 0 5000 0 4 8 528.595764
10 724 10675 1400 0 5000 0 4 8 540.130005
10 724 10675 1400 0 5000 0 4 8 538.077576
10 724 10675 1400 0 5000 0 4 8 541.381165
10 724 10675 1400 0 5000 0 4 8 543.112549
10 724 10675 1400 0 5000 0 4 9 540.461304
10 724 10675 1400 0 5000 0 4 9 535.093201
10 724 10675 1400 0 5000 0 4 9 526.090576
10 724 10675 1400 0 5000 0 4 9 535.931458
10 724 10675 1400 0 5000 0 4 9 533.762329
10 724 10721 3784 0 5000 0 5 6 594.744812
10 724 10721 3784 0 5000 0 5 6 590.913391
10 724 10721 3784 0 5000 0 5 6 601.968323
10 724 10721 3784 0 5000 0 5 6 606.604553
10 724 10721 3784 0 5000 0 5 6 601.350830
10 724 10721 3784 0 5000 0 5 7 602.611938
10 724 10721 3784 0 5000 0 5 7 603.760376
10 724 10721 3784 0 5000 0 5 7 609.325195
10 724 10721 3784 0 5000 0 5 7 611.171509
10 724 10721 3784 0 5000 0 5 7 609.947693
10 724 10721 3784 0 5000 0 5 8 602.539429
10 724 10721 3784 0 5000 0 5 8 618.749512
10 724 10721 3784 0 5000 0 5 8 611.966125
10 724 10721 3784 0 5000 0 5 8 611.055420
10 724 10721 3784 0 5000 0 5 8 609.693359
10 724 10721 3784 0 5000 0 5 9 601.665588
10 724 10721 3784 0 5000 0 5 9 604.605164
10 724 10721 3784 0 5000 0 5 9 602.135742
10 724 10721 3784 0 5000 0 5 9 613.725159
10 724 10721 3784 0 5000 0 5 9 609.920471
10 724 10817 5000 0 5000 0 6 7 955.033691
10 724 10817 5000 0 5000 0 6 7 973.629517
10 724 10818 5000 0 5000 0 6 7 976.947205
10 724 10819 5000 0 5000 0 6 7 971.357910
10 724 10819 5000 0 5000 0 6 7 961.618103
10 724 10819 5000 0 5000 0 6 8 969.629456
10 724 10817 5000 0 5000 0 6 8 972.406311
10 724 10819 5000 0 5000 0 6 8 983.296204
10 724 10819 5000 0 5000 0 6 8 962.809937
10 724 10818 5000 0 5000 0 6 8 984.062805
10 724 10819 5000 0 5000 0 6 9 971.943115
10 724 10819 5000 0 5000 0 6 9 962.641235
10 724 10819 5000 0 5000 0 6 9 985.997803
10 724 10819 5000 0 5000 0 6 9 971.864014
10 724 10818 5000 0 5000 0 6 9 983.711914
10 724 10846 5000 0 5000 0 7 8 1458.088745
10 724 10845 5000 0 5000 0 7 8 1432.465576
10 724 10846 5000 0 5000 0 7 8 1433.792358
10 724 10840 5000 0 5000 0 7 8 1475.747437
10 724 10847 5000 0 5000 0 7 8 1449.621704
10 724 10845 5000 0 5000 0 7 9 1427.887817
10 724 10847 5000 0 5000 0 7 9 1454.829224
10 724 10848 5000 0 5000 0 7 9 1469.678955
10 724 10846 5000 0 5000 0 7 9 1490.513184
10 724 10841 5000 0 5000 0 7 9 1451.994263
10 724 10841 5000 0 5000 0 8 9 1444.056396
10 724 10855 5000 0 5000 0 8 9 1466.336792
10 724 10856 5000 0 5000 0 8 9 1477.006958
10 724 10854 5000 0 5000 0 8 9 1467.919312
10 724 10848 5000 0 5000 0 8 9 1472.892212
