NQUEEN SOLUTIONS NODES BLOCKUSED QUEUEUSED MAXBLOCK MAXQUEUE L1 L2 TIME
8 92 673 1 0 1000 0 0 1 461.584869
8 92 673 1 0 1000 0 0 1 377.001038
8 92 673 1 0 1000 0 0 1 385.425781
8 92 673 1 0 1000 0 0 1 405.941742
8 92 673 1 0 1000 0 0 1 384.709198
8 92 673 1 0 1000 0 0 2 416.481293
8 92 673 1 0 1000 0 0 2 404.865814
8 92 673 1 0 1000 0 0 2 392.326355
8 92 673 1 0 1000 0 0 2 402.160980
8 92 673 1 0 1000 0 0 2 373.213257
8 92 673 1 0 1000 0 0 3 387.939758
8 92 673 1 0 1000 0 0 3 375.194733
8 92 673 1 0 1000 0 0 3 393.595337
8 92 673 1 0 1000 0 0 3 374.187439
8 92 673 1 0 1000 0 0 3 368.845306
8 92 673 1 0 1000 0 0 4 381.999695
8 92 673 1 0 1000 0 0 4 387.552887
8 92 673 1 0 1000 0 0 4 390.061768
8 92 673 1 0 1000 0 0 4 364.600098
8 92 673 1 0 1000 0 0 4 380.551147
8 92 673 1 0 1000 0 0 5 379.993134
8 92 673 1 0 1000 0 0 5 397.293335
8 92 673 1 0 1000 0 0 5 384.547974
8 92 673 1 0 1000 0 0 5 386.896332
8 92 673 1 0 1000 0 0 5 368.275940
8 92 673 1 0 1000 0 0 6 419.803589
8 92 673 1 0 1000 0 0 6 401.334229
8 92 673 1 0 1000 0 0 6 400.820740
8 92 673 1 0 1000 0 0 6 423.133209
8 92 673 1 0 1000 0 0 6 407.663635
8 92 673 1 0 1000 0 0 7 365.784546
8 92 673 1 0 1000 0 0 7 385.529602
8 92 673 1 0 1000 0 0 7 373.670166
8 92 673 1 0 1000 0 0 7 381.432556
8 92 673 1 0 1000 0 0 7 400.345123
8 92 673 8 0 1000 0 1 2 150.305023
8 92 673 8 0 1000 0 1 2 139.136154
8 92 673 8 0 1000 0 1 2 146.795044
8 92 673 8 0 1000 0 1 2 142.861923
8 92 673 8 0 1000 0 1 2 144.419418
8 92 673 8 0 1000 0 1 3 150.850983
8 92 673 8 0 1000 0 1 3 158.999969
8 92 673 8 0 1000 0 1 3 151.878876
8 92 673 8 0 1000 0 1 3 157.784225
8 92 673 8 0 1000 0 1 3 143.590073
8 92 673 8 0 1000 0 1 4 149.465469
8 92 673 8 0 1000 0 1 4 140.403107
8 92 673 8 0 1000 0 1 4 143.355103
8 92 673 8 0 1000 0 1 4 146.544891
8 92 673 8 0 1000 0 1 4 146.778778
8 92 673 8 0 1000 0 1 5 159.232315
8 92 673 8 0 1000 0 1 5 145.966873
8 92 673 8 0 1000 0 1 5 143.631622
8 92 673 8 0 1000 0 1 5 138.371811
8 92 673 8 0 1000 0 1 5 141.261917
8 92 673 8 0 1000 0 1 6 145.699585
8 92 673 8 0 1000 0 1 6 144.983231
8 92 673 8 0 1000 0 1 6 149.387527
8 92 673 8 0 1000 0 1 6 152.409607
8 92 673 8 0 1000 0 1 6 138.678497
8 92 673 8 0 1000 0 1 7 146.477341
8 92 673 8 0 1000 0 1 7 147.976898
8 92 673 8 0 1000 0 1 7 145.703705
8 92 673 8 0 1000 0 1 7 141.320892
8 92 673 8 0 1000 0 1 7 145.530823
8 92 673 42 0 1000 0 2 3 75.153763
8 92 673 42 0 1000 0 2 3 72.705597
8 92 673 42 0 1000 0 2 3 72.175583
8 92 673 42 0 1000 0 2 3 76.194206
8 92 673 42 0 1000 0 2 3 71.558083
8 92 673 42 0 1000 0 2 4 72.308899
8 92 673 42 0 1000 0 2 4 75.680511
8 92 673 42 0 1000 0 2 4 72.587997
8 92 673 42 0 1000 0 2 4 72.252419
8 92 673 42 0 1000 0 2 4 72.041725
8 92 673 42 0 1000 0 2 5 75.030815
8 92 673 42 0 1000 0 2 5 76.411293
8 92 673 42 0 1000 0 2 5 78.021408
8 92 673 42 0 1000 0 2 5 74.564705
8 92 673 42 0 1000 0 2 5 74.623619
8 92 673 42 0 1000 0 2 6 73.101791
8 92 673 42 0 1000 0 2 6 72.091873
8 92 673 42 0 1000 0 2 6 73.095390
8 92 673 42 0 1000 0 2 6 70.902145
8 92 673 42 0 1000 0 2 6 72.500031
8 92 673 42 0 1000 0 2 7 73.617218
8 92 673 42 0 1000 0 2 7 73.528893
8 92 673 42 0 1000 0 2 7 77.287872
8 92 673 42 0 1000 0 2 7 72.959106
8 92 673 42 0 1000 0 2 7 73.025314
8 92 673 140 0 1000 0 3 4 49.214882
8 92 673 140 0 1000 0 3 4 49.679970
8 92 673 140 0 1000 0 3 4 51.488670
8 92 673 140 0 1000 0 3 4 49.377502
8 92 673 140 0 1000 0 3 4 49.791935
8 92 673 140 0 1000 0 3 5 57.631424
8 92 673 140 0 1000 0 3 5 57.794720
8 92 673 140 0 1000 0 3 5 57.919647
8 92 673 140 0 1000 0 3 5 56.346687
8 92 673 140 0 1000 0 3 5 55.936066
8 92 673 140 0 1000 0 3 6 57.187519
8 92 673 140 0 1000 0 3 6 56.044193
8 92 673 140 0 1000 0 3 6 56.443199
8 92 673 140 0 1000 0 3 6 57.149506
8 92 673 140 0 1000 0 3 6 56.344894
8 92 673 140 0 1000 0 3 7 56.136738
8 92 673 140 0 1000 0 3 7 58.319038
8 92 673 140 0 1000 0 3 7 56.791775
8 92 673 140 0 1000 0 3 7 57.302559
8 92 673 140 0 1000 0 3 7 56.858177
8 92 679 328 0 1000 0 4 5 55.966785
8 92 679 328 0 1000 0 4 5 60.511711
8 92 679 328 0 1000 0 4 5 57.538464
8 92 679 328 0 1000 0 4 5 58.633247
8 92 679 328 0 1000 0 4 5 59.588001
8 92 679 328 0 1000 0 4 6 57.307392
8 92 679 328 0 1000 0 4 6 57.448158
8 92 679 328 0 1000 0 4 6 58.510529
8 92 679 328 0 1000 0 4 6 58.765343
8 92 679 328 0 1000 0 4 6 56.318977
8 92 679 328 0 1000 0 4 7 57.711807
8 92 679 328 0 1000 0 4 7 57.682335
8 92 679 328 0 1000 0 4 7 58.333153
8 92 679 328 0 1000 0 4 7 58.773087
8 92 679 328 0 1000 0 4 7 59.172863
8 92 679 414 0 1000 0 5 6 59.298466
8 92 679 414 0 1000 0 5 6 60.164448
8 92 679 414 0 1000 0 5 6 60.784641
8 92 679 414 0 1000 0 5 6 59.572830
8 92 679 414 0 1000 0 5 6 61.359104
8 92 679 414 0 1000 0 5 7 60.519489
8 92 679 414 0 1000 0 5 7 60.731873
8 92 679 414 0 1000 0 5 7 59.561825
8 92 679 414 0 1000 0 5 7 58.866016
8 92 679 414 0 1000 0 5 7 58.593697
8 92 681 414 0 1000 0 6 7 60.266750
8 92 681 414 0 1000 0 6 7 62.005695
8 92 681 414 0 1000 0 6 7 60.719360
8 92 681 414 0 1000 0 6 7 60.626976
8 92 681 414 0 1000 0 6 7 60.295296
