12 14200 234433 12 0 12 0 5 0 22851.923828
12 14200 234433 12 0 12 0 5 0 22854.955078
12 14200 234433 12 0 12 0 5 0 22852.314453
12 14200 234433 12 0 12 0 5 0 22852.222656
12 14200 234433 12 0 12 0 5 0 22851.423828
12 14200 234433 21 0 24 0 5 0 22854.746094
12 14200 234433 21 0 24 0 5 0 22855.214844
12 14200 234433 21 0 24 0 5 0 22854.974609
12 14200 234433 21 0 24 0 5 0 22854.871094
12 14200 234433 21 0 24 0 5 0 22853.580078
12 14200 234433 45 0 48 0 5 0 18215.783203
12 14200 234433 45 0 48 0 5 0 18215.314453
12 14200 234433 45 0 48 0 5 0 18175.583984
12 14200 234433 45 0 48 0 5 0 18219.179688
12 14200 234433 45 0 48 0 5 0 18221.832031
12 14200 234433 94 0 96 0 5 0 19284.318359
12 14200 234433 94 0 96 0 5 0 19329.349609
12 14200 234433 94 0 96 0 5 0 19507.623047
12 14200 234433 94 0 96 0 5 0 19263.658203
12 14200 234433 94 0 96 0 5 0 19273.519531
12 14200 234433 192 0 192 0 5 0 19540.875000
12 14200 234433 192 0 192 0 5 0 19539.101562
12 14200 234433 192 0 192 0 5 0 19398.353516
12 14200 234433 192 0 192 0 5 0 19413.849609
12 14200 234433 192 0 192 0 5 0 19534.613281
12 14200 234433 384 0 384 0 5 0 19427.382812
12 14200 234433 384 0 384 0 5 0 19579.177734
12 14200 234433 384 0 384 0 5 0 19430.949219
12 14200 234433 384 0 384 0 5 0 19431.511719
12 14200 234433 384 0 384 0 5 0 19436.580078
