12 14200 234433 12 0 12 0 9 0 22850.263672
12 14200 234433 12 0 12 0 9 0 22854.632812
12 14200 234433 12 0 12 0 9 0 22852.199219
12 14200 234433 12 0 12 0 9 0 22852.355469
12 14200 234433 12 0 12 0 9 0 22854.375000
12 14200 234433 21 0 24 0 9 0 22861.226562
12 14200 234433 21 0 24 0 9 0 22857.980469
12 14200 234433 21 0 24 0 9 0 22856.121094
12 14200 234433 21 0 24 0 9 0 22855.513672
12 14200 234433 21 0 24 0 9 0 22856.154297
12 14200 234433 45 0 48 0 9 0 18219.250000
12 14200 234433 45 0 48 0 9 0 18176.033203
12 14200 234433 45 0 48 0 9 0 18220.931641
12 14200 234433 45 0 48 0 9 0 18175.523438
12 14200 234433 45 0 48 0 9 0 18217.955078
12 14200 234433 94 0 96 0 9 0 19262.466797
12 14200 234433 94 0 96 0 9 0 19351.958984
12 14200 234433 94 0 96 0 9 0 19414.441406
12 14200 234433 94 0 96 0 9 0 19289.248047
12 14200 234433 94 0 96 0 9 0 19278.986328
12 14200 234433 192 0 192 0 9 0 19398.824219
12 14200 234433 192 0 192 0 9 0 19401.810547
12 14200 234433 192 0 192 0 9 0 19546.419922
12 14200 234433 192 0 192 0 9 0 19399.316406
12 14200 234433 192 0 192 0 9 0 19408.994141
12 14200 234433 384 0 384 0 9 0 19602.591797
12 14200 234433 384 0 384 0 9 0 19555.736328
12 14200 234433 384 0 384 0 9 0 19377.148438
12 14200 234433 384 0 384 0 9 0 19430.492188
12 14200 234433 384 0 384 0 9 0 19594.066406
