10 724 10675 10 0 10 0 8 0 1117.910645
10 724 10675 10 0 10 0 8 0 1118.214478
10 724 10675 10 0 10 0 8 0 1118.147217
10 724 10675 10 0 10 0 8 0 1117.960571
10 724 10675 10 0 10 0 8 0 1118.201172
10 724 10675 17 0 20 0 8 0 859.451599
10 724 10675 17 0 20 0 8 0 859.498840
10 724 10675 17 0 20 0 8 0 859.224182
10 724 10675 17 0 20 0 8 0 859.418335
10 724 10675 17 0 20 0 8 0 859.463623
10 724 10675 40 0 40 0 8 0 917.516785
10 724 10675 40 0 40 0 8 0 917.507385
10 724 10675 40 0 40 0 8 0 917.629089
10 724 10675 40 0 40 0 8 0 917.220825
10 724 10675 40 0 40 0 8 0 917.347351
10 724 10675 80 0 80 0 8 0 937.614197
10 724 10675 80 0 80 0 8 0 937.472473
10 724 10675 80 0 80 0 8 0 937.846069
10 724 10675 80 0 80 0 8 0 936.369873
10 724 10675 80 0 80 0 8 0 937.922302
10 724 10675 160 0 160 0 8 0 972.840149
10 724 10675 160 0 160 0 8 0 970.241028
10 724 10675 160 0 160 0 8 0 968.984985
10 724 10675 160 0 160 0 8 0 978.591614
10 724 10675 160 0 160 0 8 0 971.669250
10 724 10675 320 0 320 0 8 0 969.134949
10 724 10675 320 0 320 0 8 0 976.802673
10 724 10675 320 0 320 0 8 0 969.829468
10 724 10675 320 0 320 0 8 0 969.317627
10 724 10675 320 0 320 0 8 0 968.871155
10 724 10675 640 0 640 0 8 0 968.601501
10 724 10675 640 0 640 0 8 0 966.910034
10 724 10675 640 0 640 0 8 0 968.568909
10 724 10675 640 0 640 0 8 0 976.445312
10 724 10675 640 0 640 0 8 0 973.281067
