10 724 10675 10 0 10 0 4 0 1117.987427
10 724 10675 10 0 10 0 4 0 1118.042969
10 724 10675 10 0 10 0 4 0 1118.062012
10 724 10675 10 0 10 0 4 0 1118.179077
10 724 10675 10 0 10 0 4 0 1118.111816
10 724 10675 17 0 20 0 4 0 859.405457
10 724 10675 17 0 20 0 4 0 859.528870
10 724 10675 17 0 20 0 4 0 859.463013
10 724 10675 17 0 20 0 4 0 859.409973
10 724 10675 17 0 20 0 4 0 859.407837
10 724 10675 40 0 40 0 4 0 917.212891
10 724 10675 40 0 40 0 4 0 917.259521
10 724 10675 40 0 40 0 4 0 916.969299
10 724 10675 40 0 40 0 4 0 917.182068
10 724 10675 40 0 40 0 4 0 917.123535
10 724 10675 80 0 80 0 4 0 937.800171
10 724 10675 80 0 80 0 4 0 940.847351
10 724 10675 80 0 80 0 4 0 938.901672
10 724 10675 80 0 80 0 4 0 936.472107
10 724 10675 80 0 80 0 4 0 938.853577
10 724 10675 160 0 160 0 4 0 969.521545
10 724 10675 160 0 160 0 4 0 975.591187
10 724 10675 160 0 160 0 4 0 968.974548
10 724 10675 160 0 160 0 4 0 968.373169
10 724 10675 159 0 160 0 4 0 969.175720
10 724 10675 319 0 320 0 4 0 979.637695
10 724 10675 320 0 320 0 4 0 963.694763
10 724 10675 319 0 320 0 4 0 977.909302
10 724 10675 320 0 320 0 4 0 967.490967
10 724 10675 319 0 320 0 4 0 982.005615
10 724 10675 640 0 640 0 4 0 724.008301
10 724 10675 639 0 640 0 4 0 974.645813
10 724 10675 640 0 640 0 4 0 729.567993
10 724 10675 640 0 640 0 4 0 1022.265137
10 724 10675 640 0 640 0 4 0 714.508301
