10 724 10675 10 0 10 0 1 0 1164.666748
10 724 10675 10 0 10 0 1 0 1117.372925
10 724 10675 10 0 10 0 1 0 1117.602905
10 724 10675 10 0 10 0 1 0 1117.627563
10 724 10675 10 0 10 0 1 0 1117.693359
10 724 10675 10 0 20 0 1 0 1117.512085
10 724 10675 10 0 20 0 1 0 1117.688110
10 724 10675 10 0 20 0 1 0 1117.652954
10 724 10675 10 0 20 0 1 0 1117.521729
10 724 10675 10 0 20 0 1 0 1117.578491
10 724 10675 10 0 40 0 1 0 1117.654663
10 724 10675 10 0 40 0 1 0 1117.726074
10 724 10675 10 0 40 0 1 0 1117.765747
10 724 10675 10 0 40 0 1 0 1117.763794
10 724 10675 10 0 40 0 1 0 1117.634277
10 724 10675 10 0 80 0 1 0 1117.968994
10 724 10675 10 0 80 0 1 0 1117.501587
10 724 10675 10 0 80 0 1 0 1117.587646
10 724 10675 10 0 80 0 1 0 1117.582642
10 724 10675 10 0 80 0 1 0 1117.658813
10 724 10675 10 0 160 0 1 0 1117.584473
10 724 10675 10 0 160 0 1 0 1117.773926
10 724 10675 10 0 160 0 1 0 1117.672363
10 724 10675 10 0 160 0 1 0 1117.839355
10 724 10675 10 0 160 0 1 0 1117.637085
10 724 10675 10 0 320 0 1 0 1117.692017
10 724 10675 10 0 320 0 1 0 1117.758423
10 724 10675 10 0 320 0 1 0 1117.579834
10 724 10675 10 0 320 0 1 0 1117.734131
10 724 10675 10 0 320 0 1 0 1117.680298
10 724 10675 10 0 640 0 1 0 1117.607910
10 724 10675 10 0 640 0 1 0 1117.850708
10 724 10675 10 0 640 0 1 0 1117.802612
10 724 10675 10 0 640 0 1 0 1117.791504
10 724 10675 10 0 640 0 1 0 1117.886230
