12 14200 234433 12 0 12 0 10 0 22865.142578
12 14200 234433 12 0 12 0 10 0 22861.312500
12 14200 234433 12 0 12 0 10 0 22868.783203
12 14200 234433 12 0 12 0 10 0 22867.812500
12 14200 234433 12 0 12 0 10 0 22868.330078
12 14200 234433 21 0 24 0 10 0 22879.927734
12 14200 234433 21 0 24 0 10 0 22878.468750
12 14200 234433 21 0 24 0 10 0 22875.429688
12 14200 234433 21 0 24 0 10 0 22874.048828
12 14200 234433 21 0 24 0 10 0 22873.933594
12 14200 234433 45 0 48 0 10 0 18228.337891
12 14200 234433 45 0 48 0 10 0 18231.869141
12 14200 234433 45 0 48 0 10 0 18230.919922
12 14200 234433 45 0 48 0 10 0 18232.841797
12 14200 234433 45 0 48 0 10 0 18233.207031
12 14200 234433 94 0 96 0 10 0 19275.519531
12 14200 234433 94 0 96 0 10 0 19511.671875
12 14200 234433 94 0 96 0 10 0 19274.505859
12 14200 234433 94 0 96 0 10 0 19529.953125
12 14200 234433 94 0 96 0 10 0 19448.230469
12 14200 234433 192 0 192 0 10 0 19560.208984
12 14200 234433 192 0 192 0 10 0 19418.099609
12 14200 234433 192 0 192 0 10 0 19557.765625
12 14200 234433 192 0 192 0 10 0 19551.818359
12 14200 234433 192 0 192 0 10 0 19573.757812
12 14200 234433 384 0 384 0 10 0 19443.513672
12 14200 234433 384 0 384 0 10 0 19443.064453
12 14200 234433 384 0 384 0 10 0 19434.435547
12 14200 234433 384 0 384 0 10 0 19591.744141
12 14200 234433 384 0 384 0 10 0 19606.400391
