12 14200 234433 12 0 12 0 1 0 22844.955078
12 14200 234433 12 0 12 0 1 0 22845.246094
12 14200 234433 12 0 12 0 1 0 22843.480469
12 14200 234433 12 0 12 0 1 0 22850.291016
12 14200 234433 12 0 12 0 1 0 22854.318359
12 14200 234433 12 0 24 0 1 0 22852.732422
12 14200 234433 12 0 24 0 1 0 22850.533203
12 14200 234433 12 0 24 0 1 0 22852.402344
12 14200 234433 12 0 24 0 1 0 22856.695312
12 14200 234433 12 0 24 0 1 0 22854.291016
12 14200 234433 12 0 48 0 1 0 22860.781250
12 14200 234433 12 0 48 0 1 0 22865.320312
12 14200 234433 12 0 48 0 1 0 22862.011719
12 14200 234433 12 0 48 0 1 0 22863.171875
12 14200 234433 12 0 48 0 1 0 22864.339844
12 14200 234433 12 0 96 0 1 0 22863.613281
12 14200 234433 12 0 96 0 1 0 22861.621094
12 14200 234433 12 0 96 0 1 0 22860.585938
12 14200 234433 12 0 96 0 1 0 22864.359375
12 14200 234433 12 0 96 0 1 0 22862.943359
12 14200 234433 12 0 192 0 1 0 22864.417969
12 14200 234433 12 0 192 0 1 0 22856.691406
12 14200 234433 12 0 192 0 1 0 22853.453125
12 14200 234433 12 0 192 0 1 0 22851.677734
12 14200 234433 12 0 192 0 1 0 22855.142578
12 14200 234433 12 0 384 0 1 0 22850.052734
12 14200 234433 12 0 384 0 1 0 22844.437500
12 14200 234433 12 0 384 0 1 0 22844.146484
12 14200 234433 12 0 384 0 1 0 22843.083984
12 14200 234433 12 0 384 0 1 0 22844.009766
