10 724 10675 10 0 10 0 3 0 1118.274048
10 724 10675 10 0 10 0 3 0 1117.885376
10 724 10675 10 0 10 0 3 0 1118.205200
10 724 10675 10 0 10 0 3 0 1118.194458
10 724 10675 10 0 10 0 3 0 1118.001343
10 724 10675 17 0 20 0 3 0 859.483398
10 724 10675 17 0 20 0 3 0 859.236145
10 724 10675 17 0 20 0 3 0 859.548584
10 724 10675 17 0 20 0 3 0 859.407837
10 724 10675 17 0 20 0 3 0 859.441284
10 724 10675 40 0 40 0 3 0 917.041931
10 724 10675 40 0 40 0 3 0 916.643066
10 724 10675 40 0 40 0 3 0 917.161743
10 724 10675 40 0 40 0 3 0 916.964478
10 724 10675 40 0 40 0 3 0 916.832886
10 724 10675 78 0 80 0 3 0 939.154724
10 724 10675 78 0 80 0 3 0 939.530396
10 724 10675 78 0 80 0 3 0 936.483704
10 724 10675 78 0 80 0 3 0 938.224854
10 724 10675 78 0 80 0 3 0 937.003540
10 724 10675 158 0 160 0 3 0 988.583313
10 724 10675 158 0 160 0 3 0 981.069824
10 724 10675 158 0 160 0 3 0 987.904358
10 724 10675 158 0 160 0 3 0 981.498291
10 724 10675 158 0 160 0 3 0 981.938904
10 724 10675 319 0 320 0 3 0 694.367004
10 724 10675 317 0 320 0 3 0 427.442719
10 724 10675 319 0 320 0 3 0 704.310791
10 724 10675 319 0 320 0 3 0 704.003845
10 724 10675 319 0 320 0 3 0 700.269653
10 724 10675 364 0 640 0 3 0 340.929688
10 724 10675 364 0 640 0 3 0 342.672119
10 724 10675 364 0 640 0 3 0 334.486053
10 724 10675 364 0 640 0 3 0 342.855896
10 724 10675 364 0 640 0 3 0 340.351288
