12 14200 234433 12 0 12 0 2 0 22861.044922
12 14200 234433 12 0 12 0 2 0 22858.816406
12 14200 234433 12 0 12 0 2 0 22857.304688
12 14200 234433 12 0 12 0 2 0 22859.453125
12 14200 234433 12 0 12 0 2 0 22858.197266
12 14200 234433 21 0 24 0 2 0 22861.074219
12 14200 234433 21 0 24 0 2 0 22862.242188
12 14200 234433 21 0 24 0 2 0 22860.531250
12 14200 234433 21 0 24 0 2 0 22861.359375
12 14200 234433 21 0 24 0 2 0 22863.025391
12 14200 234433 45 0 48 0 2 0 18175.660156
12 14200 234433 45 0 48 0 2 0 18215.025391
12 14200 234433 45 0 48 0 2 0 18175.792969
12 14200 234433 45 0 48 0 2 0 18216.656250
12 14200 234433 45 0 48 0 2 0 18174.027344
12 14200 234433 94 0 96 0 2 0 14238.659180
12 14200 234433 94 0 96 0 2 0 14523.159180
12 14200 234433 94 0 96 0 2 0 14506.274414
12 14200 234433 94 0 96 0 2 0 14074.431641
12 14200 234433 94 0 96 0 2 0 14523.696289
12 14200 234433 110 0 192 0 2 0 8418.837891
12 14200 234433 110 0 192 0 2 0 8700.724609
12 14200 234433 110 0 192 0 2 0 8420.417969
12 14200 234433 110 0 192 0 2 0 8421.117188
12 14200 234433 110 0 192 0 2 0 8421.095703
12 14200 234433 110 0 384 0 2 0 8420.851562
12 14200 234433 110 0 384 0 2 0 8421.583008
12 14200 234433 110 0 384 0 2 0 8421.066406
12 14200 234433 110 0 384 0 2 0 8720.659180
12 14200 234433 110 0 384 0 2 0 8421.860352
