10 724 10675 10 0 10 0 9 0 1118.126587
10 724 10675 10 0 10 0 9 0 1117.801025
10 724 10675 10 0 10 0 9 0 1118.100464
10 724 10675 10 0 10 0 9 0 1118.041748
10 724 10675 10 0 10 0 9 0 1118.187378
10 724 10675 17 0 20 0 9 0 859.391846
10 724 10675 17 0 20 0 9 0 859.473694
10 724 10675 17 0 20 0 9 0 859.500854
10 724 10675 17 0 20 0 9 0 859.694336
10 724 10675 17 0 20 0 9 0 859.554199
10 724 10675 40 0 40 0 9 0 917.403137
10 724 10675 40 0 40 0 9 0 917.491150
10 724 10675 40 0 40 0 9 0 917.442932
10 724 10675 40 0 40 0 9 0 917.700256
10 724 10675 40 0 40 0 9 0 917.701294
10 724 10675 80 0 80 0 9 0 937.119141
10 724 10675 80 0 80 0 9 0 937.063721
10 724 10675 80 0 80 0 9 0 936.584167
10 724 10675 80 0 80 0 9 0 937.768005
10 724 10675 80 0 80 0 9 0 936.534790
10 724 10675 160 0 160 0 9 0 978.340027
10 724 10675 160 0 160 0 9 0 971.182373
10 724 10675 160 0 160 0 9 0 967.802307
10 724 10675 160 0 160 0 9 0 978.187744
10 724 10675 160 0 160 0 9 0 968.917725
10 724 10675 320 0 320 0 9 0 977.123047
10 724 10675 320 0 320 0 9 0 968.823792
10 724 10675 320 0 320 0 9 0 968.160461
10 724 10675 320 0 320 0 9 0 977.795837
10 724 10675 320 0 320 0 9 0 971.836304
10 724 10675 640 0 640 0 9 0 968.746521
10 724 10675 640 0 640 0 9 0 968.752197
10 724 10675 640 0 640 0 9 0 968.567444
10 724 10675 640 0 640 0 9 0 974.147827
10 724 10675 640 0 640 0 9 0 966.932495
