12 14200 234433 12 0 12 0 6 0 23301.669922
12 14200 234433 12 0 12 0 6 0 22848.832031
12 14200 234433 12 0 12 0 6 0 22855.531250
12 14200 234433 12 0 12 0 6 0 22849.259766
12 14200 234433 12 0 12 0 6 0 22850.927734
12 14200 234433 21 0 24 0 6 0 22854.958984
12 14200 234433 21 0 24 0 6 0 22857.509766
12 14200 234433 21 0 24 0 6 0 22854.310547
12 14200 234433 21 0 24 0 6 0 22854.851562
12 14200 234433 21 0 24 0 6 0 22857.695312
12 14200 234433 45 0 48 0 6 0 18174.503906
12 14200 234433 45 0 48 0 6 0 18173.169922
12 14200 234433 45 0 48 0 6 0 18174.042969
12 14200 234433 45 0 48 0 6 0 18215.537109
12 14200 234433 45 0 48 0 6 0 18219.283203
12 14200 234433 94 0 96 0 6 0 19275.544922
12 14200 234433 94 0 96 0 6 0 19406.558594
12 14200 234433 94 0 96 0 6 0 19511.480469
12 14200 234433 94 0 96 0 6 0 19251.429688
12 14200 234433 94 0 96 0 6 0 19260.861328
12 14200 234433 192 0 192 0 6 0 19395.599609
12 14200 234433 192 0 192 0 6 0 19555.371094
12 14200 234433 192 0 192 0 6 0 19412.085938
12 14200 234433 192 0 192 0 6 0 19541.341797
12 14200 234433 192 0 192 0 6 0 19534.378906
12 14200 234433 384 0 384 0 6 0 19519.335938
12 14200 234433 384 0 384 0 6 0 19592.150391
12 14200 234433 384 0 384 0 6 0 19430.494141
12 14200 234433 384 0 384 0 6 0 19457.533203
12 14200 234433 384 0 384 0 6 0 19442.187500
