10 724 10675 10 0 10 0 7 0 1118.118286
10 724 10675 10 0 10 0 7 0 1118.009521
10 724 10675 10 0 10 0 7 0 1117.983032
10 724 10675 10 0 10 0 7 0 1118.316772
10 724 10675 10 0 10 0 7 0 1118.222656
10 724 10675 17 0 20 0 7 0 859.540283
10 724 10675 17 0 20 0 7 0 859.413269
10 724 10675 17 0 20 0 7 0 859.320923
10 724 10675 17 0 20 0 7 0 859.327515
10 724 10675 17 0 20 0 7 0 859.531555
10 724 10675 40 0 40 0 7 0 917.483765
10 724 10675 40 0 40 0 7 0 917.500854
10 724 10675 40 0 40 0 7 0 917.325989
10 724 10675 40 0 40 0 7 0 917.173401
10 724 10675 40 0 40 0 7 0 917.445190
10 724 10675 80 0 80 0 7 0 937.940613
10 724 10675 80 0 80 0 7 0 937.862000
10 724 10675 80 0 80 0 7 0 937.956482
10 724 10675 80 0 80 0 7 0 938.531128
10 724 10675 80 0 80 0 7 0 937.831909
10 724 10675 160 0 160 0 7 0 971.072693
10 724 10675 160 0 160 0 7 0 972.560303
10 724 10675 160 0 160 0 7 0 971.180115
10 724 10675 160 0 160 0 7 0 978.390198
10 724 10675 160 0 160 0 7 0 969.853333
10 724 10675 320 0 320 0 7 0 968.373779
10 724 10675 320 0 320 0 7 0 969.278992
10 724 10675 320 0 320 0 7 0 975.933655
10 724 10675 320 0 320 0 7 0 969.131531
10 724 10675 320 0 320 0 7 0 969.535278
10 724 10675 640 0 640 0 7 0 966.809082
10 724 10675 640 0 640 0 7 0 976.558655
10 724 10675 640 0 640 0 7 0 975.462769
10 724 10675 640 0 640 0 7 0 968.510437
10 724 10675 640 0 640 0 7 0 976.403320
