10 724 10675 10 0 10 0 2 0 1117.978027
10 724 10675 10 0 10 0 2 0 1118.155151
10 724 10675 10 0 10 0 2 0 1118.043213
10 724 10675 10 0 10 0 2 0 1118.126831
10 724 10675 10 0 10 0 2 0 1117.954224
10 724 10675 17 0 20 0 2 0 859.230652
10 724 10675 17 0 20 0 2 0 859.325317
10 724 10675 17 0 20 0 2 0 859.315491
10 724 10675 17 0 20 0 2 0 859.033142
10 724 10675 17 0 20 0 2 0 859.216309
10 724 10675 35 0 40 0 2 0 916.728699
10 724 10675 35 0 40 0 2 0 916.791687
10 724 10675 35 0 40 0 2 0 916.650513
10 724 10675 35 0 40 0 2 0 916.677002
10 724 10675 35 0 40 0 2 0 916.716675
10 724 10675 72 0 80 0 2 0 459.129211
10 724 10675 72 0 80 0 2 0 458.914459
10 724 10675 72 0 80 0 2 0 459.032776
10 724 10675 72 0 80 0 2 0 458.977997
10 724 10675 72 0 80 0 2 0 459.127289
10 724 10675 72 0 160 0 2 0 459.109192
10 724 10675 72 0 160 0 2 0 459.027374
10 724 10675 72 0 160 0 2 0 458.984985
10 724 10675 72 0 160 0 2 0 459.145508
10 724 10675 72 0 160 0 2 0 459.024902
10 724 10675 72 0 320 0 2 0 459.133759
10 724 10675 72 0 320 0 2 0 459.024902
10 724 10675 72 0 320 0 2 0 459.079132
10 724 10675 72 0 320 0 2 0 459.022858
10 724 10675 72 0 320 0 2 0 459.073578
10 724 10675 72 0 640 0 2 0 459.051178
10 724 10675 72 0 640 0 2 0 459.100800
10 724 10675 72 0 640 0 2 0 458.984802
10 724 10675 72 0 640 0 2 0 459.278961
10 724 10675 72 0 640 0 2 0 459.127502
