10 724 10675 10 0 10 0 5 0 1118.109131
10 724 10675 10 0 10 0 5 0 1117.974731
10 724 10675 10 0 10 0 5 0 1117.935547
10 724 10675 10 0 10 0 5 0 1118.151733
10 724 10675 10 0 10 0 5 0 1118.108643
10 724 10675 17 0 20 0 5 0 859.237854
10 724 10675 17 0 20 0 5 0 859.402405
10 724 10675 17 0 20 0 5 0 859.242310
10 724 10675 17 0 20 0 5 0 859.288086
10 724 10675 17 0 20 0 5 0 859.399841
10 724 10675 40 0 40 0 5 0 917.243958
10 724 10675 40 0 40 0 5 0 917.328796
10 724 10675 40 0 40 0 5 0 917.275452
10 724 10675 40 0 40 0 5 0 917.344421
10 724 10675 40 0 40 0 5 0 917.108215
10 724 10675 80 0 80 0 5 0 937.274902
10 724 10675 80 0 80 0 5 0 938.130737
10 724 10675 80 0 80 0 5 0 938.389160
10 724 10675 80 0 80 0 5 0 937.433655
10 724 10675 80 0 80 0 5 0 936.581238
10 724 10675 160 0 160 0 5 0 968.133606
10 724 10675 160 0 160 0 5 0 968.375854
10 724 10675 160 0 160 0 5 0 971.819397
10 724 10675 160 0 160 0 5 0 971.852173
10 724 10675 160 0 160 0 5 0 975.823547
10 724 10675 320 0 320 0 5 0 979.390198
10 724 10675 320 0 320 0 5 0 969.923035
10 724 10675 320 0 320 0 5 0 969.621338
10 724 10675 320 0 320 0 5 0 973.162781
10 724 10675 320 0 320 0 5 0 970.555603
10 724 10675 640 0 640 0 5 0 965.789795
10 724 10675 640 0 640 0 5 0 961.465027
10 724 10675 640 0 640 0 5 0 977.991211
10 724 10675 640 0 640 0 5 0 977.765198
10 724 10675 640 0 640 0 5 0 976.818604
