12 14200 234433 12 0 12 0 4 0 22859.875000
12 14200 234433 12 0 12 0 4 0 22857.427734
12 14200 234433 12 0 12 0 4 0 22860.521484
12 14200 234433 12 0 12 0 4 0 22856.582031
12 14200 234433 12 0 12 0 4 0 22852.759766
12 14200 234433 21 0 24 0 4 0 22862.980469
12 14200 234433 21 0 24 0 4 0 22864.775391
12 14200 234433 21 0 24 0 4 0 22861.263672
12 14200 234433 21 0 24 0 4 0 22862.294922
12 14200 234433 21 0 24 0 4 0 22863.066406
12 14200 234433 45 0 48 0 4 0 18174.882812
12 14200 234433 45 0 48 0 4 0 18221.470703
12 14200 234433 45 0 48 0 4 0 18219.664062
12 14200 234433 45 0 48 0 4 0 18220.578125
12 14200 234433 45 0 48 0 4 0 18218.769531
12 14200 234433 94 0 96 0 4 0 19662.093750
12 14200 234433 94 0 96 0 4 0 19266.076172
12 14200 234433 94 0 96 0 4 0 19405.484375
12 14200 234433 94 0 96 0 4 0 19270.923828
12 14200 234433 94 0 96 0 4 0 19266.964844
12 14200 234433 192 0 192 0 4 0 19555.529297
12 14200 234433 192 0 192 0 4 0 19556.238281
12 14200 234433 192 0 192 0 4 0 19543.482422
12 14200 234433 192 0 192 0 4 0 19542.013672
12 14200 234433 192 0 192 0 4 0 19542.142578
12 14200 234433 384 0 384 0 4 0 19566.789062
12 14200 234433 382 0 384 0 4 0 19438.691406
12 14200 234433 384 0 384 0 4 0 19416.371094
12 14200 234433 384 0 384 0 4 0 19438.203125
12 14200 234433 384 0 384 0 4 0 19420.783203
