12 14200 234433 12 0 12 0 11 0 22872.730469
12 14200 234433 12 0 12 0 11 0 22870.107422
12 14200 234433 12 0 12 0 11 0 22870.839844
12 14200 234433 12 0 12 0 11 0 22868.039062
12 14200 234433 12 0 12 0 11 0 22869.869141
12 14200 234433 21 0 24 0 11 0 22874.425781
12 14200 234433 21 0 24 0 11 0 22869.937500
12 14200 234433 21 0 24 0 11 0 22871.724609
12 14200 234433 21 0 24 0 11 0 22869.718750
12 14200 234433 21 0 24 0 11 0 22869.994141
12 14200 234433 45 0 48 0 11 0 18227.011719
12 14200 234433 45 0 48 0 11 0 18232.792969
12 14200 234433 45 0 48 0 11 0 18231.935547
12 14200 234433 45 0 48 0 11 0 18228.792969
12 14200 234433 45 0 48 0 11 0 18229.863281
12 14200 234433 94 0 96 0 11 0 19267.207031
12 14200 234433 94 0 96 0 11 0 19279.949219
12 14200 234433 94 0 96 0 11 0 19636.904297
12 14200 234433 94 0 96 0 11 0 19655.318359
12 14200 234433 94 0 96 0 11 0 19273.880859
12 14200 234433 192 0 192 0 11 0 19396.566406
12 14200 234433 192 0 192 0 11 0 19411.964844
12 14200 234433 192 0 192 0 11 0 19399.384766
12 14200 234433 192 0 192 0 11 0 19567.042969
12 14200 234433 192 0 192 0 11 0 19396.355469
12 14200 234433 384 0 384 0 11 0 19435.638672
12 14200 234433 384 0 384 0 11 0 19588.628906
12 14200 234433 384 0 384 0 11 0 19586.683594
12 14200 234433 384 0 384 0 11 0 19432.412109
12 14200 234433 384 0 384 0 11 0 19590.888672
