12 14200 234433 12 0 12 0 7 0 22858.564453
12 14200 234433 12 0 12 0 7 0 22855.281250
12 14200 234433 12 0 12 0 7 0 22856.316406
12 14200 234433 12 0 12 0 7 0 22855.687500
12 14200 234433 12 0 12 0 7 0 22852.558594
12 14200 234433 21 0 24 0 7 0 22859.083984
12 14200 234433 21 0 24 0 7 0 22859.583984
12 14200 234433 21 0 24 0 7 0 22859.894531
12 14200 234433 21 0 24 0 7 0 22864.265625
12 14200 234433 21 0 24 0 7 0 22855.607422
12 14200 234433 45 0 48 0 7 0 18173.455078
12 14200 234433 45 0 48 0 7 0 18177.425781
12 14200 234433 45 0 48 0 7 0 18220.376953
12 14200 234433 45 0 48 0 7 0 18219.142578
12 14200 234433 45 0 48 0 7 0 18220.152344
12 14200 234433 94 0 96 0 7 0 19505.322266
12 14200 234433 94 0 96 0 7 0 19283.058594
12 14200 234433 94 0 96 0 7 0 19268.181641
12 14200 234433 94 0 96 0 7 0 19509.529297
12 14200 234433 94 0 96 0 7 0 19280.464844
12 14200 234433 192 0 192 0 7 0 19414.074219
12 14200 234433 192 0 192 0 7 0 19400.939453
12 14200 234433 192 0 192 0 7 0 19569.371094
12 14200 234433 192 0 192 0 7 0 19562.410156
12 14200 234433 192 0 192 0 7 0 19548.429688
12 14200 234433 384 0 384 0 7 0 19432.912109
12 14200 234433 384 0 384 0 7 0 19442.134766
12 14200 234433 384 0 384 0 7 0 19363.964844
12 14200 234433 384 0 384 0 7 0 19578.748047
12 14200 234433 384 0 384 0 7 0 19426.736328
