10 724 10675 10 0 10 0 6 0 1118.245728
10 724 10675 10 0 10 0 6 0 1117.841553
10 724 10675 10 0 10 0 6 0 1118.069458
10 724 10675 10 0 10 0 6 0 1118.282104
10 724 10675 10 0 10 0 6 0 1118.248901
10 724 10675 17 0 20 0 6 0 859.309387
10 724 10675 17 0 20 0 6 0 859.559448
10 724 10675 17 0 20 0 6 0 859.620056
10 724 10675 17 0 20 0 6 0 859.333130
10 724 10675 17 0 20 0 6 0 859.304810
10 724 10675 40 0 40 0 6 0 917.316101
10 724 10675 40 0 40 0 6 0 917.364685
10 724 10675 40 0 40 0 6 0 917.539001
10 724 10675 40 0 40 0 6 0 917.152344
10 724 10675 40 0 40 0 6 0 917.602661
10 724 10675 80 0 80 0 6 0 937.273682
10 724 10675 80 0 80 0 6 0 938.773132
10 724 10675 80 0 80 0 6 0 936.480347
10 724 10675 80 0 80 0 6 0 937.163757
10 724 10675 80 0 80 0 6 0 937.849304
10 724 10675 160 0 160 0 6 0 976.956970
10 724 10675 160 0 160 0 6 0 979.612183
10 724 10675 160 0 160 0 6 0 968.695862
10 724 10675 160 0 160 0 6 0 972.250183
10 724 10675 160 0 160 0 6 0 978.459412
10 724 10675 320 0 320 0 6 0 968.580688
10 724 10675 320 0 320 0 6 0 969.818542
10 724 10675 320 0 320 0 6 0 978.599182
10 724 10675 320 0 320 0 6 0 968.923157
10 724 10675 320 0 320 0 6 0 969.400024
10 724 10675 640 0 640 0 6 0 975.871399
10 724 10675 640 0 640 0 6 0 968.364685
10 724 10675 640 0 640 0 6 0 969.125977
10 724 10675 640 0 640 0 6 0 976.239807
10 724 10675 640 0 640 0 6 0 970.524963
