12 14200 234433 12 0 12 0 3 0 22870.035156
12 14200 234433 12 0 12 0 3 0 22868.242188
12 14200 234433 12 0 12 0 3 0 22865.728516
12 14200 234433 12 0 12 0 3 0 22863.115234
12 14200 234433 12 0 12 0 3 0 22865.349609
12 14200 234433 21 0 24 0 3 0 22864.335938
12 14200 234433 21 0 24 0 3 0 22861.933594
12 14200 234433 21 0 24 0 3 0 22860.220703
12 14200 234433 21 0 24 0 3 0 22865.263672
12 14200 234433 21 0 24 0 3 0 22860.587891
12 14200 234433 45 0 48 0 3 0 18222.923828
12 14200 234433 45 0 48 0 3 0 18221.076172
12 14200 234433 45 0 48 0 3 0 18177.314453
12 14200 234433 45 0 48 0 3 0 18221.476562
12 14200 234433 45 0 48 0 3 0 18221.951172
12 14200 234433 94 0 96 0 3 0 19266.195312
12 14200 234433 94 0 96 0 3 0 19292.373047
12 14200 234433 94 0 96 0 3 0 19274.181641
12 14200 234433 94 0 96 0 3 0 19272.533203
12 14200 234433 94 0 96 0 3 0 19275.828125
12 14200 234433 188 0 192 0 3 0 19431.144531
12 14200 234433 188 0 192 0 3 0 19438.115234
12 14200 234433 188 0 192 0 3 0 19406.849609
12 14200 234433 188 0 192 0 3 0 19414.394531
12 14200 234433 188 0 192 0 3 0 19542.433594
12 14200 234433 382 0 384 0 3 0 19909.427734
12 14200 234433 382 0 384 0 3 0 19908.205078
12 14200 234433 383 0 384 0 3 0 19960.136719
12 14200 234433 382 0 384 0 3 0 19944.824219
12 14200 234433 382 0 384 0 3 0 19998.824219
