12 14200 234433 12 0 12 0 8 0 22863.039062
12 14200 234433 12 0 12 0 8 0 22857.955078
12 14200 234433 12 0 12 0 8 0 22863.177734
12 14200 234433 12 0 12 0 8 0 22855.181641
12 14200 234433 12 0 12 0 8 0 22858.550781
12 14200 234433 21 0 24 0 8 0 22864.597656
12 14200 234433 21 0 24 0 8 0 22864.925781
12 14200 234433 21 0 24 0 8 0 22867.835938
12 14200 234433 21 0 24 0 8 0 22866.164062
12 14200 234433 21 0 24 0 8 0 22867.380859
12 14200 234433 45 0 48 0 8 0 18219.460938
12 14200 234433 45 0 48 0 8 0 18222.621094
12 14200 234433 45 0 48 0 8 0 18220.074219
12 14200 234433 45 0 48 0 8 0 18220.648438
12 14200 234433 45 0 48 0 8 0 18219.087891
12 14200 234433 94 0 96 0 8 0 19271.033203
12 14200 234433 94 0 96 0 8 0 19273.748047
12 14200 234433 94 0 96 0 8 0 19273.199219
12 14200 234433 94 0 96 0 8 0 19474.605469
12 14200 234433 94 0 96 0 8 0 19348.841797
12 14200 234433 192 0 192 0 8 0 19537.275391
12 14200 234433 192 0 192 0 8 0 19538.904297
12 14200 234433 192 0 192 0 8 0 19414.378906
12 14200 234433 192 0 192 0 8 0 19397.548828
12 14200 234433 192 0 192 0 8 0 19552.697266
12 14200 234433 384 0 384 0 8 0 19591.054688
12 14200 234433 384 0 384 0 8 0 19438.101562
12 14200 234433 384 0 384 0 8 0 19584.335938
12 14200 234433 384 0 384 0 8 0 19599.148438
12 14200 234433 384 0 384 0 8 0 19590.027344
