8 92 673 8 0 8 0 3 0 68.680099
8 92 673 8 0 8 0 3 0 68.670464
8 92 673 8 0 8 0 3 0 68.603104
8 92 673 8 0 8 0 3 0 66.398308
8 92 673 8 0 8 0 3 0 66.384895
8 92 673 16 0 16 0 3 0 66.044830
8 92 673 16 0 16 0 3 0 66.090561
8 92 673 16 0 16 0 3 0 66.030434
8 92 673 16 0 16 0 3 0 66.103905
8 92 673 16 0 16 0 3 0 66.070366
8 92 673 32 0 32 0 3 0 55.340511
8 92 673 32 0 32 0 3 0 55.265568
8 92 673 32 0 32 0 3 0 55.309120
8 92 673 32 0 32 0 3 0 55.394081
8 92 673 32 0 32 0 3 0 55.404961
8 92 673 64 0 64 0 3 0 56.884480
8 92 673 64 0 64 0 3 0 56.872032
8 92 673 64 0 64 0 3 0 56.791553
8 92 673 64 0 64 0 3 0 56.855232
8 92 673 64 0 64 0 3 0 56.557472
8 92 673 127 0 128 0 3 0 35.363392
8 92 673 127 0 128 0 3 0 35.316063
8 92 673 128 0 128 0 3 0 34.627487
8 92 673 127 0 128 0 3 0 35.391487
8 92 673 127 0 128 0 3 0 35.219231
8 92 673 140 0 256 0 3 0 32.746975
8 92 673 140 0 256 0 3 0 31.948416
8 92 673 140 0 256 0 3 0 33.173569
8 92 673 140 0 256 0 3 0 33.131519
8 92 673 140 0 256 0 3 0 33.238274
8 92 673 140 0 512 0 3 0 32.754593
8 92 673 140 0 512 0 3 0 32.681854
8 92 673 140 0 512 0 3 0 32.867393
8 92 673 140 0 512 0 3 0 32.723328
8 92 673 140 0 512 0 3 0 31.825983
