8 92 673 8 0 8 0 1 0 68.524963
8 92 673 8 0 8 0 1 0 66.316063
8 92 673 8 0 8 0 1 0 66.318848
8 92 673 8 0 8 0 1 0 66.323517
8 92 673 8 0 8 0 1 0 66.355804
8 92 673 8 0 16 0 1 0 66.394814
8 92 673 8 0 16 0 1 0 66.350014
8 92 673 8 0 16 0 1 0 66.359360
8 92 673 8 0 16 0 1 0 66.333282
8 92 673 8 0 16 0 1 0 66.354210
8 92 673 8 0 32 0 1 0 66.298691
8 92 673 8 0 32 0 1 0 66.359581
8 92 673 8 0 32 0 1 0 66.383202
8 92 673 8 0 32 0 1 0 66.286140
8 92 673 8 0 32 0 1 0 66.325569
8 92 673 8 0 64 0 1 0 66.325661
8 92 673 8 0 64 0 1 0 66.340958
8 92 673 8 0 64 0 1 0 66.343231
8 92 673 8 0 64 0 1 0 66.431999
8 92 673 8 0 64 0 1 0 66.353027
8 92 673 8 0 128 0 1 0 66.402878
8 92 673 8 0 128 0 1 0 66.301727
8 92 673 8 0 128 0 1 0 66.325981
8 92 673 8 0 128 0 1 0 66.369026
8 92 673 8 0 128 0 1 0 66.356926
8 92 673 8 0 256 0 1 0 66.358910
8 92 673 8 0 256 0 1 0 66.318977
8 92 673 8 0 256 0 1 0 66.358849
8 92 673 8 0 256 0 1 0 66.393852
8 92 673 8 0 256 0 1 0 66.353859
8 92 673 8 0 512 0 1 0 66.431389
8 92 673 8 0 512 0 1 0 66.352226
8 92 673 8 0 512 0 1 0 66.334915
8 92 673 8 0 512 0 1 0 66.341988
8 92 673 8 0 512 0 1 0 66.369888
