8 92 673 8 0 8 0 6 0 66.478271
8 92 673 8 0 8 0 6 0 66.403870
8 92 673 8 0 8 0 6 0 66.460320
8 92 673 8 0 8 0 6 0 66.507172
8 92 673 8 0 8 0 6 0 66.441345
8 92 673 16 0 16 0 6 0 66.092995
8 92 673 16 0 16 0 6 0 66.051613
8 92 673 16 0 16 0 6 0 66.188477
8 92 673 16 0 16 0 6 0 66.106049
8 92 673 16 0 16 0 6 0 66.064163
8 92 673 32 0 32 0 6 0 55.330338
8 92 673 32 0 32 0 6 0 55.335167
8 92 673 32 0 32 0 6 0 55.415295
8 92 673 32 0 32 0 6 0 55.362270
8 92 673 32 0 32 0 6 0 55.317600
8 92 673 64 0 64 0 6 0 56.998848
8 92 673 64 0 64 0 6 0 56.657761
8 92 673 64 0 64 0 6 0 56.731743
8 92 673 64 0 64 0 6 0 56.747135
8 92 673 64 0 64 0 6 0 57.129150
8 92 673 128 0 128 0 6 0 55.428703
8 92 673 128 0 128 0 6 0 55.508480
8 92 673 128 0 128 0 6 0 55.386047
8 92 673 128 0 128 0 6 0 55.315296
8 92 673 128 0 128 0 6 0 55.346783
8 92 673 256 0 256 0 6 0 56.855999
8 92 673 256 0 256 0 6 0 57.079105
8 92 673 256 0 256 0 6 0 57.131329
8 92 673 256 0 256 0 6 0 57.115551
8 92 673 256 0 256 0 6 0 55.891106
8 92 673 408 0 512 0 6 0 26.435616
8 92 673 408 0 512 0 6 0 25.943935
8 92 673 408 0 512 0 6 0 26.149952
8 92 673 408 0 512 0 6 0 25.878208
8 92 673 408 0 512 0 6 0 25.956736
