8 92 673 8 0 8 0 7 0 66.471901
8 92 673 8 0 8 0 7 0 66.410851
8 92 673 8 0 8 0 7 0 66.389534
8 92 673 8 0 8 0 7 0 66.418144
8 92 673 8 0 8 0 7 0 66.447327
8 92 673 16 0 16 0 7 0 66.131805
8 92 673 16 0 16 0 7 0 66.087807
8 92 673 16 0 16 0 7 0 66.030846
8 92 673 16 0 16 0 7 0 66.076195
8 92 673 16 0 16 0 7 0 66.082748
8 92 673 32 0 32 0 7 0 55.440609
8 92 673 32 0 32 0 7 0 55.392414
8 92 673 32 0 32 0 7 0 55.405983
8 92 673 32 0 32 0 7 0 55.364895
8 92 673 32 0 32 0 7 0 55.409634
8 92 673 64 0 64 0 7 0 56.972897
8 92 673 64 0 64 0 7 0 56.953442
8 92 673 64 0 64 0 7 0 56.759136
8 92 673 64 0 64 0 7 0 56.669662
8 92 673 64 0 64 0 7 0 57.016479
8 92 673 128 0 128 0 7 0 55.432705
8 92 673 128 0 128 0 7 0 55.436958
8 92 673 128 0 128 0 7 0 55.399902
8 92 673 128 0 128 0 7 0 55.385120
8 92 673 128 0 128 0 7 0 57.453602
8 92 673 256 0 256 0 7 0 58.870655
8 92 673 256 0 256 0 7 0 58.982079
8 92 673 256 0 256 0 7 0 59.052258
8 92 673 256 0 256 0 7 0 58.934498
8 92 673 256 0 256 0 7 0 59.034943
8 92 673 408 0 512 0 7 0 27.472288
8 92 673 408 0 512 0 7 0 27.350529
8 92 673 408 0 512 0 7 0 26.866560
8 92 673 408 0 512 0 7 0 26.928928
8 92 673 408 0 512 0 7 0 27.104609
