8 92 673 8 0 8 0 5 0 68.676323
8 92 673 8 0 8 0 5 0 68.700417
8 92 673 8 0 8 0 5 0 68.635391
8 92 673 8 0 8 0 5 0 68.729248
8 92 673 8 0 8 0 5 0 68.713379
8 92 673 16 0 16 0 5 0 66.064995
8 92 673 16 0 16 0 5 0 66.082336
8 92 673 16 0 16 0 5 0 66.128448
8 92 673 16 0 16 0 5 0 66.058945
8 92 673 16 0 16 0 5 0 66.099907
8 92 673 32 0 32 0 5 0 55.406464
8 92 673 32 0 32 0 5 0 55.419647
8 92 673 32 0 32 0 5 0 55.289150
8 92 673 32 0 32 0 5 0 55.364288
8 92 673 32 0 32 0 5 0 55.383297
8 92 673 64 0 64 0 5 0 57.069759
8 92 673 64 0 64 0 5 0 56.800159
8 92 673 64 0 64 0 5 0 56.943775
8 92 673 64 0 64 0 5 0 57.033375
8 92 673 64 0 64 0 5 0 56.680576
8 92 673 128 0 128 0 5 0 55.046783
8 92 673 128 0 128 0 5 0 55.315006
8 92 673 128 0 128 0 5 0 55.361153
8 92 673 128 0 128 0 5 0 55.454113
8 92 673 128 0 128 0 5 0 55.517441
8 92 673 256 0 256 0 5 0 57.002720
8 92 673 256 0 256 0 5 0 57.125217
8 92 673 256 0 256 0 5 0 57.093216
8 92 673 256 0 256 0 5 0 56.539169
8 92 673 256 0 256 0 5 0 56.027649
8 92 673 408 0 512 0 5 0 26.016544
8 92 673 408 0 512 0 5 0 25.909311
8 92 673 408 0 512 0 5 0 26.372641
8 92 673 408 0 512 0 5 0 25.948736
8 92 673 408 0 512 0 5 0 25.898464
