8 92 673 8 0 8 0 4 0 66.473312
8 92 673 8 0 8 0 4 0 66.466690
8 92 673 8 0 8 0 4 0 66.415779
8 92 673 8 0 8 0 4 0 66.474174
8 92 673 8 0 8 0 4 0 66.417824
8 92 673 16 0 16 0 4 0 66.101440
8 92 673 16 0 16 0 4 0 66.128738
8 92 673 16 0 16 0 4 0 66.071587
8 92 673 16 0 16 0 4 0 66.053665
8 92 673 16 0 16 0 4 0 66.066078
8 92 673 32 0 32 0 4 0 55.378273
8 92 673 32 0 32 0 4 0 55.321056
8 92 673 32 0 32 0 4 0 55.299774
8 92 673 32 0 32 0 4 0 55.387650
8 92 673 32 0 32 0 4 0 55.378464
8 92 673 64 0 64 0 4 0 56.698498
8 92 673 64 0 64 0 4 0 56.655231
8 92 673 64 0 64 0 4 0 56.950657
8 92 673 64 0 64 0 4 0 56.751743
8 92 673 64 0 64 0 4 0 56.946274
8 92 673 128 0 128 0 4 0 58.600513
8 92 673 128 0 128 0 4 0 58.354465
8 92 673 128 0 128 0 4 0 58.546017
8 92 673 128 0 128 0 4 0 58.205505
8 92 673 128 0 128 0 4 0 58.223358
8 92 673 256 0 256 0 4 0 57.942818
8 92 673 256 0 256 0 4 0 57.798080
8 92 673 256 0 256 0 4 0 57.862976
8 92 673 256 0 256 0 4 0 57.872002
8 92 673 256 0 256 0 4 0 58.726784
8 92 673 328 0 512 0 4 0 28.925119
8 92 673 328 0 512 0 4 0 28.824448
8 92 673 328 0 512 0 4 0 28.933537
8 92 673 328 0 512 0 4 0 29.382944
8 92 673 328 0 512 0 4 0 29.158272
