8 92 673 8 0 8 0 2 0 66.394432
8 92 673 8 0 8 0 2 0 66.500961
8 92 673 8 0 8 0 2 0 66.439964
8 92 673 8 0 8 0 2 0 66.516289
8 92 673 8 0 8 0 2 0 66.431137
8 92 673 13 0 16 0 2 0 66.080803
8 92 673 13 0 16 0 2 0 66.046974
8 92 673 13 0 16 0 2 0 65.996284
8 92 673 13 0 16 0 2 0 65.986595
8 92 673 13 0 16 0 2 0 66.060448
8 92 673 30 0 32 0 2 0 55.295841
8 92 673 30 0 32 0 2 0 55.257088
8 92 673 30 0 32 0 2 0 55.240002
8 92 673 30 0 32 0 2 0 54.772511
8 92 673 30 0 32 0 2 0 55.300991
8 92 673 42 0 64 0 2 0 32.345535
8 92 673 42 0 64 0 2 0 32.369823
8 92 673 42 0 64 0 2 0 32.356640
8 92 673 42 0 64 0 2 0 32.338463
8 92 673 42 0 64 0 2 0 32.270145
8 92 673 42 0 128 0 2 0 32.370144
8 92 673 42 0 128 0 2 0 32.388607
8 92 673 42 0 128 0 2 0 32.309250
8 92 673 42 0 128 0 2 0 32.363361
8 92 673 42 0 128 0 2 0 32.300289
8 92 673 42 0 256 0 2 0 32.396095
8 92 673 42 0 256 0 2 0 32.382271
8 92 673 42 0 256 0 2 0 32.378208
8 92 673 42 0 256 0 2 0 32.309566
8 92 673 42 0 256 0 2 0 32.362209
8 92 673 42 0 512 0 2 0 32.353344
8 92 673 42 0 512 0 2 0 32.361759
8 92 673 42 0 512 0 2 0 32.320545
8 92 673 42 0 512 0 2 0 32.369663
8 92 673 42 0 512 0 2 0 32.354431
