NQUEEN SOLUTIONS NODES BLOCKUSED QUEUEUSED MAXBLOCK MAXQUEUE L1 L2 TIME
4 2 0 0 0 0 0 0 2 9.544000
4 2 0 0 0 0 0 0 2 9.515264
4 2 0 0 0 0 0 0 2 9.495680
4 2 0 0 0 0 0 0 2 9.479904
4 2 0 0 0 0 0 0 2 9.469184
5 10 0 0 0 0 0 0 2 40.795391
5 10 0 0 0 0 0 0 2 40.682560
5 10 0 0 0 0 0 0 2 40.820320
5 10 0 0 0 0 0 0 2 40.718594
5 10 0 0 0 0 0 0 2 40.691711
6 4 0 0 0 0 0 0 2 89.509987
6 4 0 0 0 0 0 0 2 80.864189
6 4 0 0 0 0 0 0 2 81.048676
6 4 0 0 0 0 0 0 2 74.830818
6 4 0 0 0 0 0 0 2 74.932060
7 40 0 0 0 0 0 0 2 364.481293
7 40 0 0 0 0 0 0 2 364.249542
7 40 0 0 0 0 0 0 2 364.559845
7 40 0 0 0 0 0 0 2 364.330353
7 40 0 0 0 0 0 0 2 364.379425
8 92 0 0 0 0 0 0 2 1499.163940
8 92 0 0 0 0 0 0 2 1499.510498
8 92 0 0 0 0 0 0 2 1499.621094
8 92 0 0 0 0 0 0 2 1500.196777
8 92 0 0 0 0 0 0 2 1499.981812
9 352 0 0 0 0 0 0 2 7394.187012
9 352 0 0 0 0 0 0 2 7379.448730
9 352 0 0 0 0 0 0 2 7383.955566
9 352 0 0 0 0 0 0 2 7386.561523
9 352 0 0 0 0 0 0 2 7389.602051
10 724 0 0 0 0 0 0 2 32720.550781
10 724 0 0 0 0 0 0 2 32774.253906
10 724 0 0 0 0 0 0 2 32807.894531
10 724 0 0 0 0 0 0 2 32824.683594
10 724 0 0 0 0 0 0 2 32845.062500
11 2680 0 0 0 0 0 0 2 172406.281250
11 2680 0 0 0 0 0 0 2 172462.765625
11 2680 0 0 0 0 0 0 2 172494.921875
11 2680 0 0 0 0 0 0 2 172509.640625
11 2680 0 0 0 0 0 0 2 172510.625000
12 14200 0 0 0 0 0 0 2 1010055.875000
12 14200 0 0 0 0 0 0 2 1010131.625000
12 14200 0 0 0 0 0 0 2 1010117.125000
12 14200 0 0 0 0 0 0 2 1010168.562500
12 14200 0 0 0 0 0 0 2 1010155.125000
