NQUEEN SOLUTIONS NODES BLOCKUSED QUEUEUSED MAXBLOCK MAXQUEUE L1 L2 TIME
11 2680 47888 11 1346 16 60000 4 6 13083.886719
11 2680 47888 32 808 32 60000 4 6 13454.841797
11 2680 47888 64 869 64 60000 4 6 7679.270508
11 2680 47888 128 724 128 60000 4 6 9438.483398
11 2680 47888 256 645 256 60000 4 6 10673.293945
11 2680 47888 512 685 512 60000 4 6 10222.959961
11 2680 47888 1024 460 1024 60000 4 6 5360.927246
11 2680 47888 2047 306 2048 60000 4 6 3341.104980
11 2680 47888 2468 272 4096 60000 4 6 2239.462891
11 2680 47888 2468 265 8192 60000 4 6 2259.313477
